25532144;41.17271;-8.594767;-0.150007;0.7185993
25532145;41.17233;-8.594706;-0.1500059;0.7185928
25532146;41.17187;-8.594455;-0.1500015;0.7185847
25532185;41.17102;-8.596411;-0.1500357;0.7185699
25532186;41.1711;-8.596111;-0.1500304;0.7185712
25532189;41.17157;-8.595664;-0.1500226;0.7185794
25532193;41.17267;-8.595076;-0.1500124;0.7185986
25532197;41.1731;-8.594989;-0.1500109;0.7186061
25532199;41.17263;-8.595343;-0.150017;0.7185979
25532200;41.17234;-8.59566;-0.1500226;0.7185929
25532201;41.17204;-8.596209;-0.1500321;0.7185877
25532202;41.17196;-8.596435;-0.1500361;0.7185863
25532206;41.17118;-8.596909;-0.1500444;0.7185727
25532207;41.17108;-8.596809;-0.1500426;0.7185709
25532208;41.17095;-8.59621;-0.1500322;0.7185686
25532209;41.1711;-8.595933;-0.1500273;0.7185712
25532210;41.17155;-8.595545;-0.1500206;0.7185792
25532211;41.17208;-8.595221;-0.1500149;0.7185884
25532212;41.17268;-8.594954;-0.1500102;0.7185988
25532222;41.17209;-8.595332;-0.1500168;0.7185886
26015879;41.17135;-8.593886;-0.1499916;0.7185757
26015880;41.17103;-8.593648;-0.1499874;0.7185701
26015881;41.17167;-8.594523;-0.1500027;0.7185811
26015882;41.17125;-8.593961;-0.1499929;0.7185738
26015883;41.17178;-8.594834;-0.1500082;0.718583
26015884;41.17168;-8.594868;-0.1500087;0.7185813
26015885;41.17185;-8.595151;-0.1500137;0.7185844
26015887;41.17189;-8.59615;-0.1500311;0.718585
26015888;41.17176;-8.595296;-0.1500162;0.7185829
26015889;41.17178;-8.597096;-0.1500476;0.7185832
26015890;41.17164;-8.597113;-0.1500479;0.7185807
26015891;41.17166;-8.597651;-0.1500573;0.718581
26015892;41.17146;-8.598083;-0.1500649;0.7185774
26057762;41.18099;-8.594048;-0.1499944;0.7187439
26057764;41.18093;-8.594225;-0.1499975;0.7187428
26057767;41.1807;-8.594481;-0.150002;0.7187388
26057769;41.1804;-8.5945;-0.1500023;0.7187336
26057772;41.18013;-8.59421;-0.1499972;0.7187288
26057774;41.18007;-8.593808;-0.1499902;0.7187277
26057776;41.18019;-8.593475;-0.1499844;0.7187299
26057846;41.18001;-8.590476;-0.1499321;0.7187268
26057853;41.18035;-8.59204;-0.1499594;0.7187327
26057854;41.18017;-8.591809;-0.1499554;0.7187295
26057855;41.17968;-8.591738;-0.1499541;0.7187209
26057856;41.17944;-8.592082;-0.1499601;0.7187167
26057857;41.17948;-8.592642;-0.1499699;0.7187175
26057858;41.17976;-8.592906;-0.1499745;0.7187223
26122713;41.17311;-8.59472;-0.1500062;0.7186064
26122714;41.17342;-8.594798;-0.1500075;0.7186117
26122715;41.1753;-8.593762;-0.1499895;0.7186445
26122716;41.17518;-8.594015;-0.1499939;0.7186425
26122717;41.17591;-8.593556;-0.1499858;0.7186552
26122718;41.17681;-8.593349;-0.1499822;0.7186709
26122719;41.1771;-8.593305;-0.1499815;0.718676
26122720;41.17999;-8.593001;-0.1499762;0.7187263
26122721;41.18055;-8.592943;-0.1499752;0.7187362
26122722;41.18153;-8.592938;-0.1499751;0.7187533
26122784;41.18077;-8.593171;-0.1499791;0.71874
26122785;41.1803;-8.593175;-0.1499792;0.7187319
26122786;41.17962;-8.593248;-0.1499805;0.71872
26122787;41.17712;-8.593508;-0.149985;0.7186763
26122788;41.17683;-8.593552;-0.1499858;0.7186712
26122789;41.17591;-8.593761;-0.1499894;0.7186552
112597525;41.17128;-8.597003;-0.150046;0.7185744
112597526;41.17099;-8.596692;-0.1500406;0.7185694
112597528;41.17102;-8.596047;-0.1500293;0.7185698
112597541;41.17119;-8.595987;-0.1500283;0.7185728
112597544;41.17103;-8.596249;-0.1500328;0.7185701
112597546;41.17113;-8.59671;-0.1500409;0.7185718
112597547;41.17148;-8.596775;-0.150042;0.7185779
112613609;41.18007;-8.591228;-0.1499452;0.7187277
112613610;41.1799;-8.590665;-0.1499354;0.7187249
112613611;41.17974;-8.589876;-0.1499216;0.718722
112613612;41.17966;-8.589255;-0.1499108;0.7187207
112613613;41.1796;-8.588326;-0.1498946;0.7187195
112613614;41.17958;-8.587519;-0.1498805;0.7187192
112613616;41.17968;-8.586929;-0.1498702;0.7187209
112613618;41.17984;-8.586431;-0.1498615;0.7187238
112613620;41.17999;-8.586136;-0.1498563;0.7187265
112613621;41.18075;-8.584995;-0.1498364;0.7187396
112651985;41.1798;-8.588835;-0.1499034;0.7187231
112651987;41.17986;-8.589539;-0.1499157;0.7187241
112651988;41.17992;-8.589999;-0.1499238;0.7187251
112651991;41.18074;-8.592571;-0.1499687;0.7187394
112652825;41.18039;-8.593307;-0.1499815;0.7187334
112652828;41.18011;-8.593616;-0.1499869;0.7187285
112652829;41.18007;-8.594017;-0.1499939;0.7187278
112652830;41.18024;-8.594382;-0.1500003;0.7187307
112652831;41.18057;-8.594522;-0.1500027;0.7187366
112652832;41.18076;-8.594442;-0.1500013;0.7187399
112652833;41.18097;-8.594143;-0.1499961;0.7187434
112652932;41.18095;-8.593472;-0.1499844;0.7187431
112653406;41.17961;-8.59281;-0.1499728;0.7187197
112653914;41.17953;-8.591872;-0.1499565;0.7187185
112653915;41.17941;-8.592318;-0.1499642;0.7187162
112654450;41.18004;-8.591718;-0.1499538;0.7187272
112654452;41.17983;-8.591682;-0.1499531;0.7187236
112664310;41.18137;-8.58366;-0.1498131;0.7187505
112664312;41.18144;-8.583872;-0.1498168;0.7187517
112664314;41.18146;-8.584073;-0.1498203;0.718752
112664315;41.1814;-8.58434;-0.149825;0.718751
112664316;41.18132;-8.584466;-0.1498272;0.7187497
112664317;41.1809;-8.585135;-0.1498389;0.7187423
112664318;41.18052;-8.585713;-0.149849;0.7187357
112664320;41.18006;-8.586376;-0.1498605;0.7187276
112664325;41.17997;-8.58658;-0.1498641;0.718726
112664327;41.17984;-8.586956;-0.1498706;0.7187238
112664333;41.17973;-8.587591;-0.1498817;0.7187219
122491912;41.17764;-8.582912;-0.1498001;0.7186854
122491913;41.17436;-8.584574;-0.1498291;0.7186281
128587399;41.17139;-8.601277;-0.1501206;0.7185763
128587401;41.17147;-8.60161;-0.1501264;0.7185778
128587402;41.17157;-8.60188;-0.1501311;0.7185794
128587405;41.17163;-8.602075;-0.1501345;0.7185804
128587408;41.17168;-8.602324;-0.1501389;0.7185814
128587410;41.17173;-8.602718;-0.1501458;0.7185823
128587416;41.17178;-8.603105;-0.1501525;0.7185831
269565777;41.17854;-8.584201;-0.1498226;0.7187012
269565778;41.17865;-8.584155;-0.1498218;0.718703
297369724;41.17547;-8.59134;-0.1499472;0.7186475
297369726;41.1736;-8.589901;-0.1499221;0.7186149
297369728;41.1731;-8.589492;-0.1499149;0.7186061
297369729;41.17304;-8.589447;-0.1499141;0.7186052
297369731;41.17243;-8.588077;-0.1498902;0.7185945
297369732;41.17229;-8.587662;-0.149883;0.7185921
297369739;41.17469;-8.590755;-0.1499369;0.7186338
297369740;41.17269;-8.588849;-0.1499037;0.718599
297369742;41.17109;-8.588411;-0.1498961;0.7185711
297369743;41.17005;-8.589094;-0.149908;0.7185529
297369744;41.1698;-8.589316;-0.1499119;0.7185486
299573551;41.17487;-8.586432;-0.1498615;0.718637
299573943;41.17621;-8.58567;-0.1498482;0.7186605
299574096;41.17348;-8.586987;-0.1498712;0.7186128
299579036;41.17393;-8.584276;-0.1498239;0.7186207
299579766;41.1687;-8.586053;-0.1498549;0.7185294
299579882;41.17371;-8.582944;-0.1498006;0.7186167
299579890;41.16859;-8.585357;-0.1498427;0.7185275
299580145;41.17402;-8.583488;-0.1498101;0.7186223
299580230;41.16922;-8.585203;-0.1498401;0.7185385
299583353;41.174;-8.582797;-0.1497981;0.7186219
299583501;41.17275;-8.585378;-0.1498431;0.7186001
299583544;41.17244;-8.584297;-0.1498242;0.7185946
299584051;41.17227;-8.582804;-0.1497982;0.7185917
299590114;41.1722;-8.584417;-0.1498263;0.7185905
299590394;41.17203;-8.583797;-0.1498155;0.7185875
299590514;41.17267;-8.584172;-0.1498221;0.7185987
299592087;41.17142;-8.58481;-0.1498332;0.7185769
299592133;41.17146;-8.584958;-0.1498358;0.7185776
299597866;41.17273;-8.58645;-0.1498618;0.7185996
299597867;41.17295;-8.586146;-0.1498565;0.7186036
299597869;41.17457;-8.585316;-0.149842;0.7186318
299598126;41.17318;-8.586281;-0.1498589;0.7186075
299598638;41.17336;-8.586962;-0.1498708;0.7186108
299598639;41.1731;-8.58604;-0.1498547;0.7186062
299598641;41.17158;-8.58731;-0.1498768;0.7185796
299598676;41.17339;-8.587036;-0.149872;0.7186112
299599024;41.17096;-8.587876;-0.1498867;0.7185689
299599207;41.17403;-8.585596;-0.1498469;0.7186224
299599440;41.17144;-8.584089;-0.1498206;0.7185773
299599501;41.17083;-8.584391;-0.1498259;0.7185666
299599582;41.17376;-8.583632;-0.1498126;0.7186177
299599638;41.17357;-8.583003;-0.1498017;0.7186143
299607855;41.17555;-8.58515;-0.1498391;0.718649
299607856;41.17469;-8.585763;-0.1498498;0.718634
299608108;41.17664;-8.584061;-0.1498201;0.7186679
299608120;41.1755;-8.584656;-0.1498305;0.718648
299608220;41.17775;-8.583117;-0.1498036;0.7186872
299608221;41.17771;-8.58483;-0.1498336;0.7186866
299608246;41.17772;-8.584053;-0.14982;0.7186868
319327500;41.17131;-8.595741;-0.150024;0.7185749
401623785;41.17123;-8.588332;-0.1498947;0.7185735
401623786;41.17382;-8.592587;-0.1499689;0.7186188
411504966;41.17125;-8.597713;-0.1500584;0.7185739
411504967;41.17371;-8.605257;-0.1501901;0.7186167
411504977;41.17468;-8.599753;-0.150094;0.7186337
411504979;41.17395;-8.600734;-0.1501111;0.718621
411504981;41.17384;-8.600998;-0.1501157;0.7186191
411504984;41.17379;-8.601234;-0.1501199;0.7186182
411504986;41.17376;-8.601566;-0.1501257;0.7186177
411504987;41.17371;-8.60358;-0.1501608;0.7186168
411504995;41.17181;-8.598047;-0.1500642;0.7185837
411504997;41.17222;-8.598296;-0.1500686;0.7185908
411504999;41.17337;-8.598979;-0.1500805;0.7186109
411835382;41.17227;-8.597513;-0.1500549;0.7185917
411835384;41.17263;-8.596456;-0.1500365;0.7185979
411835385;41.17271;-8.596519;-0.1500376;0.7185994
411835386;41.17347;-8.596962;-0.1500453;0.7186126
411835387;41.17376;-8.59713;-0.1500482;0.7186177
411835388;41.17434;-8.597652;-0.1500573;0.7186278
411835389;41.17472;-8.598001;-0.1500634;0.7186344
411835390;41.17484;-8.598178;-0.1500665;0.7186365
411835391;41.17485;-8.598403;-0.1500704;0.7186368
411835393;41.17469;-8.599627;-0.1500918;0.7186339
411835470;41.17204;-8.598188;-0.1500667;0.7185876
412246602;41.17639;-8.603919;-0.1501667;0.7186635
412247985;41.17638;-8.603765;-0.150164;0.7186635
412247991;41.17671;-8.602724;-0.1501459;0.7186692
412247996;41.17682;-8.602172;-0.1501362;0.7186711
412248000;41.17678;-8.601951;-0.1501324;0.7186703
412248004;41.17661;-8.601693;-0.1501279;0.7186674
412248006;41.17602;-8.600898;-0.150114;0.7186571
412248011;41.17593;-8.600761;-0.1501116;0.7186555
412248019;41.1758;-8.600197;-0.1501018;0.7186534
412249442;41.1737;-8.603764;-0.150164;0.7186167
412249445;41.17526;-8.603856;-0.1501656;0.7186439
412249448;41.175;-8.599947;-0.1500974;0.7186394
412249449;41.1752;-8.600069;-0.1500995;0.7186428
412249450;41.17541;-8.600165;-0.1501012;0.7186464
412249451;41.17612;-8.600151;-0.1501009;0.7186589
412256453;41.17193;-8.598462;-0.1500715;0.7185858
420776939;41.17646;-8.60001;-0.1500985;0.7186648
420776943;41.17793;-8.599245;-0.1500851;0.7186905
420776945;41.18033;-8.598083;-0.1500649;0.7187323
420777494;41.1739;-8.600844;-0.150113;0.7186202
420777495;41.17161;-8.599462;-0.1500889;0.7185801
420777496;41.17163;-8.59938;-0.1500875;0.7185804
420807840;41.18204;-8.597239;-0.1500501;0.7187623
430006694;41.17848;-8.598961;-0.1500802;0.7187001
430006697;41.18023;-8.60515;-0.1501882;0.7187306
430012027;41.1764;-8.597526;-0.1500551;0.7186638
430012028;41.17644;-8.597821;-0.1500603;0.7186644
430012030;41.17681;-8.599139;-0.1500833;0.7186708
430012057;41.17606;-8.597052;-0.1500469;0.7186578
430012058;41.17606;-8.597285;-0.1500509;0.7186577
432578781;41.17725;-8.599599;-0.1500913;0.7186787
432578798;41.17422;-8.586638;-0.1498651;0.7186257
432578800;41.17577;-8.585929;-0.1498527;0.7186528
432578810;41.17298;-8.598739;-0.1500763;0.7186041
432578813;41.17376;-8.599207;-0.1500845;0.7186177
432578817;41.17477;-8.598977;-0.1500805;0.7186354
432578825;41.17206;-8.587811;-0.1498856;0.7185881
432578826;41.17699;-8.596059;-0.1500295;0.718674
432578827;41.17694;-8.595888;-0.1500265;0.7186733
432578828;41.17692;-8.595286;-0.1500161;0.7186729
432578829;41.1775;-8.588008;-0.149889;0.718683
432578830;41.1761;-8.595953;-0.1500277;0.7186585
432578831;41.17543;-8.594192;-0.1499969;0.7186468
432578835;41.17777;-8.587711;-0.1498838;0.7186877
432578836;41.18122;-8.58376;-0.1498149;0.718748
432578837;41.17947;-8.585703;-0.1498488;0.7187174
432578838;41.17846;-8.586849;-0.1498688;0.7186997
432578839;41.17761;-8.587926;-0.1498876;0.7186849
432578841;41.17629;-8.587832;-0.149886;0.7186619
432578842;41.17473;-8.588569;-0.1498988;0.7186347
432578845;41.17489;-8.589197;-0.1499098;0.7186373
432578847;41.17503;-8.589873;-0.1499216;0.7186399
432578848;41.1753;-8.590463;-0.1499319;0.7186446
432578849;41.17632;-8.591563;-0.1499511;0.7186623
432578851;41.1768;-8.591499;-0.14995;0.7186708
432578852;41.17584;-8.593301;-0.1499814;0.718654
432578853;41.17519;-8.593524;-0.1499853;0.7186427
432578854;41.17469;-8.592427;-0.1499662;0.7186339
432578855;41.17394;-8.591138;-0.1499436;0.7186208
432578856;41.17341;-8.590169;-0.1499267;0.7186115
432578858;41.17475;-8.592408;-0.1499658;0.7186349
432578859;41.17429;-8.592511;-0.1499676;0.7186269
432578860;41.17334;-8.592665;-0.1499703;0.7186103
432578861;41.17286;-8.592876;-0.149974;0.7186019
432578862;41.17245;-8.593091;-0.1499777;0.7185948
432578863;41.1721;-8.59335;-0.1499823;0.7185887
432578864;41.17193;-8.593459;-0.1499842;0.7185858
432578865;41.17357;-8.589133;-0.1499087;0.7186144
432578866;41.17379;-8.589024;-0.1499067;0.7186182
432578867;41.17328;-8.588025;-0.1498893;0.7186093
432578879;41.17503;-8.58917;-0.1499093;0.7186398
432578882;41.17516;-8.589265;-0.149911;0.7186421
432578885;41.17527;-8.589545;-0.1499158;0.7186441
432578888;41.17542;-8.590015;-0.1499241;0.7186466
432578890;41.17541;-8.590364;-0.1499301;0.7186464
432578901;41.17509;-8.59431;-0.149999;0.7186409
432578906;41.17458;-8.594516;-0.1500026;0.718632
432578908;41.17408;-8.594823;-0.150008;0.7186232
432578916;41.17331;-8.595182;-0.1500142;0.7186099
432578919;41.17245;-8.595846;-0.1500258;0.7185948
432578922;41.17241;-8.595934;-0.1500273;0.7185941
432578925;41.17242;-8.596037;-0.1500292;0.7185943
432578930;41.17257;-8.596354;-0.1500347;0.7185969
432578938;41.17323;-8.59805;-0.1500643;0.7186083
432578945;41.174;-8.598503;-0.1500722;0.7186219
432589602;41.17971;-8.589706;-0.1499187;0.7187216
432589603;41.1797;-8.589633;-0.1499174;0.7187214
432589605;41.17911;-8.589718;-0.1499189;0.718711
432589606;41.17842;-8.588076;-0.1498902;0.718699
433469180;41.18201;-8.587537;-0.1498808;0.7187617
433469196;41.18024;-8.5895;-0.1499151;0.7187309
433469208;41.18139;-8.587976;-0.1498885;0.7187508
433469209;41.18105;-8.588041;-0.1498896;0.7187448
433469211;41.18096;-8.588043;-0.1498896;0.7187433
433469213;41.18084;-8.587967;-0.1498883;0.7187413
433469216;41.18068;-8.587818;-0.1498857;0.7187385
433469218;41.18019;-8.587329;-0.1498772;0.7187299
433469220;41.18607;-8.58499;-0.1498363;0.7188325
433469222;41.18624;-8.585656;-0.149848;0.7188355
433469225;41.18633;-8.586009;-0.1498541;0.7188371
433469229;41.18634;-8.586307;-0.1498593;0.7188373
433469234;41.18631;-8.586498;-0.1498627;0.7188367
433469236;41.18624;-8.586731;-0.1498667;0.7188356
433469237;41.18605;-8.587006;-0.1498715;0.7188323
433469238;41.18592;-8.587177;-0.1498745;0.7188299
433469239;41.18567;-8.58748;-0.1498798;0.7188256
433469240;41.18555;-8.587537;-0.1498808;0.7188235
433469241;41.18534;-8.58755;-0.149881;0.7188197
433469243;41.18523;-8.587647;-0.1498827;0.7188179
433469246;41.18513;-8.587961;-0.1498882;0.7188161
433469248;41.18504;-8.588056;-0.1498898;0.7188146
433469250;41.18495;-8.58809;-0.1498905;0.718813
433469258;41.18436;-8.58782;-0.1498857;0.7188026
433469262;41.18419;-8.587768;-0.1498848;0.7187997
433469264;41.18382;-8.587802;-0.1498854;0.7187933
433469266;41.18325;-8.58789;-0.149887;0.7187834
433469268;41.18309;-8.587878;-0.1498868;0.7187806
435240898;41.17599;-8.595592;-0.1500214;0.7186565
435240906;41.1778;-8.598452;-0.1500713;0.7186882
435240914;41.17772;-8.59849;-0.150072;0.7186868
435240917;41.17704;-8.594302;-0.1499989;0.7186748
435240927;41.17654;-8.593233;-0.1499802;0.7186663
435240930;41.17598;-8.593262;-0.1499807;0.7186564
435240932;41.17542;-8.593438;-0.1499838;0.7186466
435240959;41.17719;-8.594288;-0.1499986;0.7186776
444026518;41.18132;-8.596098;-0.1500302;0.7187496
444026520;41.181;-8.595908;-0.1500269;0.7187441
444026522;41.1804;-8.595502;-0.1500198;0.7187337
444026524;41.18005;-8.595274;-0.1500158;0.7187275
444030255;41.17483;-8.582763;-0.1497975;0.7186364
445028178;41.1821;-8.5875;-0.1498801;0.7187632
445028183;41.18579;-8.584123;-0.1498212;0.7188277
445028184;41.1855;-8.583146;-0.1498042;0.7188226
445028185;41.18507;-8.581784;-0.1497804;0.7188151
445028226;41.17979;-8.587152;-0.1498741;0.718723
445028228;41.17989;-8.588222;-0.1498927;0.7187246
445041881;41.17991;-8.586314;-0.1498595;0.718725
445041883;41.17841;-8.586691;-0.149866;0.7186988
445041884;41.17838;-8.586425;-0.1498614;0.7186982
445041885;41.17834;-8.585302;-0.1498418;0.7186975
445041886;41.18;-8.585136;-0.1498389;0.7187265
445041887;41.17998;-8.583678;-0.1498134;0.7187262
445041888;41.17994;-8.58627;-0.1498587;0.7187255
445041889;41.18077;-8.585153;-0.1498392;0.71874
445439255;41.17333;-8.600507;-0.1501072;0.7186102
445439258;41.17295;-8.600263;-0.1501029;0.7186035
445439261;41.17253;-8.600017;-0.1500986;0.7185962
445439265;41.17199;-8.599699;-0.1500931;0.7185867
445439274;41.17178;-8.598918;-0.1500794;0.7185831
445439284;41.17243;-8.598416;-0.1500707;0.7185944
445439290;41.17431;-8.599542;-0.1500903;0.7186273
445439300;41.17966;-8.589194;-0.1499097;0.7187207
445439324;41.17978;-8.589131;-0.1499086;0.7187226
445439326;41.17972;-8.589216;-0.1499101;0.7187217
445439334;41.17216;-8.599163;-0.1500837;0.7185898
445439337;41.17273;-8.599502;-0.1500896;0.7185996
445439340;41.17311;-8.599744;-0.1500938;0.7186064
445439343;41.17352;-8.599966;-0.1500977;0.7186134
445439344;41.17406;-8.60029;-0.1501034;0.7186229
445439347;41.17396;-8.600578;-0.1501084;0.7186212
447867546;41.17522;-8.584085;-0.1498206;0.7186432
447867547;41.17515;-8.584183;-0.1498223;0.7186419
447881534;41.17488;-8.583239;-0.1498058;0.7186372
447916490;41.17489;-8.58328;-0.1498065;0.7186375
447918300;41.17459;-8.583087;-0.1498031;0.7186322
506111738;41.17867;-8.597974;-0.1500629;0.7187034
506111741;41.17841;-8.59417;-0.1499965;0.7186988
506111742;41.17839;-8.593723;-0.1499888;0.7186985
773982487;41.17296;-8.587258;-0.1498759;0.7186037
773982488;41.1726;-8.588533;-0.1498982;0.7185974
773982492;41.17227;-8.587558;-0.1498812;0.7185917
773982497;41.17271;-8.588903;-0.1499046;0.7185994
773982499;41.17208;-8.586956;-0.1498706;0.7185884
784475024;41.17695;-8.59329;-0.1499812;0.7186733
789709524;41.17657;-8.580183;-0.1497524;0.7186667
789709529;41.1741;-8.583755;-0.1498148;0.7186236
1103464865;41.18117;-8.583275;-0.1498064;0.718747
1106006305;41.17007;-8.584782;-0.1498327;0.7185532
1106006309;41.1716;-8.585464;-0.1498446;0.7185801
1106006324;41.17263;-8.584946;-0.1498356;0.7185979
1106006331;41.17024;-8.585413;-0.1498437;0.7185563
1106006333;41.17146;-8.585541;-0.149846;0.7185774
1108076407;41.17382;-8.582881;-0.1497995;0.7186187
1108076408;41.17249;-8.583555;-0.1498113;0.7185955
1207561936;41.18489;-8.588092;-0.1498905;0.718812
1223751572;41.17683;-8.602392;-0.1501401;0.7186712
1223751575;41.1724;-8.599944;-0.1500973;0.718594
1223751585;41.17681;-8.592915;-0.1499747;0.7186709
1223751586;41.17305;-8.601209;-0.1501194;0.7186052
1223751590;41.17242;-8.602882;-0.1501486;0.7185943
1223751591;41.17683;-8.593049;-0.149977;0.7186713
1223751592;41.17294;-8.603547;-0.1501602;0.7186034
1223751602;41.17701;-8.593043;-0.1499769;0.7186743
1223751604;41.1725;-8.603041;-0.1501514;0.7185956
1223751606;41.17196;-8.599677;-0.1500927;0.7185861
1223751607;41.17153;-8.600039;-0.150099;0.7185788
1223751610;41.17582;-8.600471;-0.1501065;0.7186537
1223751616;41.17204;-8.601644;-0.150127;0.7185877
1223751620;41.17295;-8.601238;-0.1501199;0.7186035
1223751622;41.17635;-8.589795;-0.1499202;0.7186629
1223751624;41.17705;-8.591662;-0.1499528;0.7186751
1223751626;41.17682;-8.592794;-0.1499726;0.7186711
1223751630;41.17691;-8.59558;-0.1500212;0.7186726
1223751631;41.17215;-8.599791;-0.1500947;0.7185897
1223751632;41.17287;-8.603488;-0.1501592;0.7186022
1223751633;41.17316;-8.601195;-0.1501192;0.7186073
1223751641;41.17709;-8.599355;-0.1500871;0.7186759
1223751647;41.17221;-8.601686;-0.1501277;0.7185906
1223751650;41.17618;-8.589496;-0.149915;0.7186599
1223751652;41.17262;-8.603223;-0.1501546;0.7185978
1223751654;41.17327;-8.58781;-0.1498856;0.7186092
1223751659;41.17347;-8.589219;-0.1499102;0.7186126
1223751661;41.17207;-8.601754;-0.1501289;0.7185882
1223751666;41.17235;-8.602732;-0.150146;0.7185931
1223751669;41.17646;-8.603395;-0.1501576;0.7186648
1223751671;41.17678;-8.602591;-0.1501435;0.7186704
1223751674;41.17692;-8.591525;-0.1499504;0.7186728
1223751675;41.17619;-8.589375;-0.1499129;0.7186601
1223751677;41.17701;-8.592855;-0.1499736;0.7186743
1223751679;41.17324;-8.603684;-0.1501626;0.7186086
1223751681;41.17191;-8.600015;-0.1500986;0.7185854
1223751687;41.17215;-8.600003;-0.1500984;0.7185895
1223751693;41.17697;-8.591581;-0.1499514;0.7186737
1223751695;41.17624;-8.589671;-0.149918;0.7186609
1223751697;41.17258;-8.599413;-0.1500881;0.7185972
1223751699;41.17287;-8.601278;-0.1501206;0.7186022
1223751700;41.17357;-8.603755;-0.1501639;0.7186143
1223751712;41.17232;-8.600133;-0.1501006;0.7185925
1223751716;41.1762;-8.58959;-0.1499166;0.7186604
1223751720;41.17275;-8.603381;-0.1501573;0.7186001
1223751723;41.17712;-8.599267;-0.1500855;0.7186763
1223751728;41.17309;-8.603625;-0.1501616;0.718606
1223751730;41.17233;-8.599265;-0.1500855;0.7185926
1223751732;41.17715;-8.59151;-0.1499501;0.7186768
1223751741;41.17294;-8.588032;-0.1498894;0.7186034
1223751749;41.17681;-8.59264;-0.1499699;0.7186709
1223751753;41.17693;-8.591717;-0.1499538;0.718673
1223751757;41.17659;-8.602984;-0.1501504;0.7186671
1223751766;41.17339;-8.603722;-0.1501633;0.7186112
1223751769;41.17692;-8.591751;-0.1499543;0.7186728
1223751778;41.17628;-8.589734;-0.1499191;0.7186616
1223751783;41.17625;-8.589008;-0.1499065;0.7186611
1223751786;41.17251;-8.601539;-0.1501252;0.7185959
1223751805;41.177;-8.591668;-0.1499529;0.7186742
1352663634;41.17158;-8.585972;-0.1498535;0.7185796
1389528038;41.17976;-8.589194;-0.1499097;0.7187225
1389528039;41.17987;-8.589646;-0.1499176;0.7187243
1389528040;41.18021;-8.589614;-0.1499171;0.7187302
1389528052;41.18075;-8.588869;-0.149904;0.7187396
1389528062;41.1813;-8.588014;-0.1498891;0.7187493
1650259143;41.18539;-8.582796;-0.1497981;0.7188208
1731169566;41.17154;-8.585827;-0.1498509;0.7185789
1731169595;41.17168;-8.58576;-0.1498498;0.7185814
1731169671;41.17231;-8.582952;-0.1498008;0.7185924
1731169850;41.17395;-8.583235;-0.1498057;0.7186211
1731170089;41.1747;-8.583077;-0.149803;0.7186341
1731170101;41.17479;-8.583109;-0.1498035;0.7186356
1731170113;41.17483;-8.582944;-0.1498006;0.7186364
1731170190;41.17525;-8.584177;-0.1498221;0.7186438
1731170233;41.17546;-8.584789;-0.1498328;0.7186473
1731170240;41.17546;-8.584719;-0.1498316;0.7186474
1731170245;41.17548;-8.585343;-0.1498425;0.7186476
1731170248;41.17554;-8.585247;-0.1498408;0.7186487
1731170260;41.1754;-8.584044;-0.1498198;0.7186463
1731170416;41.17683;-8.584032;-0.1498196;0.7186713
1731170784;41.17819;-8.584524;-0.1498282;0.718695
1731170805;41.17871;-8.583958;-0.1498183;0.7187042
1731170827;41.17903;-8.583593;-0.149812;0.7187096
1731170834;41.17915;-8.583192;-0.149805;0.7187118
1731170867;41.17945;-8.582652;-0.1497955;0.7187171
1731170869;41.17951;-8.582547;-0.1497937;0.718718
1731170942;41.18003;-8.586155;-0.1498567;0.7187271
1731170982;41.18048;-8.585672;-0.1498483;0.718735
1731171018;41.1807;-8.585217;-0.1498403;0.7187388
1731171020;41.18073;-8.585254;-0.149841;0.7187392
1731171039;41.18084;-8.583385;-0.1498083;0.7187412
1731171102;41.18126;-8.584566;-0.1498289;0.7187486
1837318438;41.17649;-8.585974;-0.1498535;0.7186654
1837321449;41.17828;-8.584436;-0.1498267;0.7186967
1837323243;41.17712;-8.586475;-0.1498623;0.7186764
1837681067;41.17722;-8.587451;-0.1498793;0.7186781
1837681068;41.17653;-8.587282;-0.1498763;0.718666
1837681069;41.1767;-8.586143;-0.1498565;0.7186691
1837707420;41.17498;-8.583015;-0.1498019;0.718639
1837707421;41.17485;-8.583045;-0.1498024;0.7186367
1837707422;41.17746;-8.582199;-0.1497876;0.7186822
1837707424;41.17743;-8.581631;-0.1497777;0.7186817
1837707425;41.17714;-8.582819;-0.1497985;0.7186766
1837707426;41.17599;-8.583241;-0.1498058;0.7186567
1838434491;41.17586;-8.590641;-0.149935;0.7186543
1838434492;41.17598;-8.591586;-0.1499515;0.7186564
1838434493;41.17582;-8.590697;-0.1499359;0.7186537
1838434494;41.17581;-8.590846;-0.1499386;0.7186535
1838434495;41.17591;-8.590609;-0.1499344;0.7186552
1838434497;41.17597;-8.590603;-0.1499343;0.7186562
1838434498;41.17721;-8.590904;-0.1499396;0.7186779
1838434499;41.17581;-8.59076;-0.149937;0.7186534
1838438345;41.17962;-8.585542;-0.149846;0.7187198
1838438346;41.17931;-8.585056;-0.1498375;0.7187145
1838445085;41.18127;-8.583457;-0.1498096;0.7187487
1842003114;41.17297;-8.587407;-0.1498785;0.7186039
2066740958;41.1749;-8.593264;-0.1499807;0.7186375
2066740961;41.17501;-8.593062;-0.1499772;0.7186396
2066740971;41.17648;-8.587811;-0.1498856;0.7186651
2066740975;41.17728;-8.587502;-0.1498802;0.7186791
2066740979;41.17739;-8.588017;-0.1498892;0.718681
2066740983;41.1775;-8.588243;-0.1498931;0.7186829
2073943320;41.17329;-8.599237;-0.150085;0.7186095
2073943321;41.17422;-8.599795;-0.1500947;0.7186258
2073943322;41.17368;-8.59947;-0.1500891;0.7186162
2084090872;41.17368;-8.604565;-0.150178;0.7186162
2085810951;41.17633;-8.588018;-0.1498892;0.7186625
2085810952;41.17633;-8.588509;-0.1498978;0.7186626
2085810953;41.17636;-8.588202;-0.1498924;0.7186632
2085810954;41.17635;-8.588378;-0.1498955;0.7186629
2156098689;41.18005;-8.604486;-0.1501766;0.7187274
2156098695;41.17896;-8.600214;-0.150102;0.7187084
2156098707;41.17998;-8.6034;-0.1501577;0.7187263
2156098708;41.18001;-8.60435;-0.1501742;0.7187268
2156098711;41.17939;-8.601115;-0.1501178;0.7187158
2156098713;41.17984;-8.603466;-0.1501588;0.7187237
2156098719;41.1791;-8.601145;-0.1501183;0.7187108
2156098729;41.17885;-8.600266;-0.1501029;0.7187065
2156098746;41.17929;-8.601053;-0.1501167;0.7187141
2156098749;41.17985;-8.602939;-0.1501496;0.718724
2156098750;41.17924;-8.601069;-0.150117;0.7187134
2156098752;41.17984;-8.602826;-0.1501476;0.7187238
2156098755;41.17965;-8.603098;-0.1501524;0.7187206
2156098756;41.17934;-8.601062;-0.1501168;0.7187151
2156104170;41.18018;-8.604946;-0.1501846;0.7187297
2185756687;41.17855;-8.59626;-0.150033;0.7187014
2185762047;41.17896;-8.594121;-0.1499957;0.7187083
2185762049;41.17845;-8.594179;-0.1499967;0.7186995
2185762050;41.17841;-8.594207;-0.1499972;0.7186988
2185762064;41.17908;-8.594098;-0.1499953;0.7187105
2185762067;41.1792;-8.596175;-0.1500316;0.7187127
2185765234;41.17915;-8.594031;-0.1499941;0.7187117
2185765235;41.1791;-8.594054;-0.1499945;0.7187108
2185765236;41.17924;-8.594025;-0.149994;0.7187133
2185765237;41.17912;-8.594038;-0.1499943;0.7187112
2185765238;41.17937;-8.59604;-0.1500292;0.7187155
2185766306;41.17937;-8.596114;-0.1500305;0.7187156
2185766307;41.17933;-8.596177;-0.1500316;0.7187149
2185766308;41.17926;-8.596188;-0.1500318;0.7187136
2185766309;41.17929;-8.596185;-0.1500317;0.7187143
2185766310;41.17936;-8.596153;-0.1500312;0.7187153
2185792255;41.17712;-8.597208;-0.1500496;0.7186763
2185792256;41.1773;-8.597104;-0.1500478;0.7186795
2185848561;41.17684;-8.597334;-0.1500518;0.7186714
2185848563;41.17659;-8.597346;-0.150052;0.7186671
2185848565;41.17694;-8.59743;-0.1500535;0.7186733
2185848567;41.17653;-8.597405;-0.150053;0.7186661
2185848568;41.17649;-8.597495;-0.1500546;0.7186654
2185848577;41.17669;-8.597302;-0.1500512;0.7186688
2185848579;41.17641;-8.597607;-0.1500565;0.7186639
2185848581;41.1769;-8.597413;-0.1500532;0.7186725
2185848583;41.17714;-8.597374;-0.1500525;0.7186767
2185848584;41.17698;-8.597399;-0.1500529;0.7186738
2185848586;41.17702;-8.597378;-0.1500525;0.7186746
2185848588;41.17679;-8.597303;-0.1500513;0.7186705
2207552041;41.17974;-8.588099;-0.1498906;0.7187221
2460915605;41.17548;-8.597339;-0.1500519;0.7186478
2460915650;41.17521;-8.599907;-0.1500967;0.718643
2460915651;41.17555;-8.599765;-0.1500942;0.7186489
2460915652;41.17546;-8.599456;-0.1500888;0.7186474
2460915653;41.17639;-8.598983;-0.1500806;0.7186635
2460915654;41.17649;-8.599316;-0.1500864;0.7186653
2460915655;41.17557;-8.599818;-0.1500951;0.7186493
2460915656;41.17544;-8.599924;-0.150097;0.7186469
2460915657;41.1754;-8.600018;-0.1500986;0.7186463
2460915663;41.17441;-8.597711;-0.1500584;0.718629
2460915664;41.17456;-8.5974;-0.1500529;0.7186316
2460915665;41.17475;-8.597302;-0.1500512;0.7186349
2460915666;41.17486;-8.597244;-0.1500502;0.7186369
2460915667;41.17518;-8.597316;-0.1500515;0.7186424
2460915668;41.17543;-8.597382;-0.1500526;0.7186469
2460915669;41.17547;-8.597477;-0.1500543;0.7186475
2460915670;41.17552;-8.597672;-0.1500577;0.7186484
2460915671;41.1745;-8.59752;-0.150055;0.7186307
2460915672;41.17427;-8.5973;-0.1500512;0.7186267
2583924942;41.18038;-8.591702;-0.1499535;0.7187333
2617650080;41.18;-8.604331;-0.1501739;0.7187266
2846609718;41.17979;-8.590189;-0.1499271;0.718723
3092764688;41.17119;-8.596762;-0.1500418;0.7185728
3092764689;41.17094;-8.596543;-0.150038;0.7185685
3092764692;41.17183;-8.596783;-0.1500422;0.7185839
3092764693;41.17177;-8.59632;-0.1500341;0.718583
3092764695;41.1719;-8.59582;-0.1500254;0.7185853
3092764697;41.17148;-8.594038;-0.1499943;0.7185779
3092764699;41.17209;-8.594604;-0.1500041;0.7185885
3092764704;41.17126;-8.600832;-0.1501128;0.7185741
3092764705;41.17166;-8.59426;-0.1499981;0.718581
3092764706;41.17043;-8.592746;-0.1499717;0.7185596
3092764710;41.17258;-8.594759;-0.1500068;0.7185971
3092764711;41.17153;-8.594244;-0.1499979;0.7185788
3092764713;41.17158;-8.594603;-0.1500041;0.7185796
3092764716;41.17179;-8.595557;-0.1500208;0.7185834
3092764718;41.17173;-8.595079;-0.1500124;0.7185822
3139458003;41.18017;-8.586282;-0.1498589;0.7187295
3139458027;41.18024;-8.591259;-0.1499458;0.7187307
3168698827;41.18526;-8.587579;-0.1498815;0.7188185
3168773372;41.1861;-8.586947;-0.1498705;0.7188331
3168773378;41.18627;-8.586631;-0.149865;0.7188361
3168773383;41.18635;-8.586226;-0.1498579;0.7188374
3501878316;41.17141;-8.593472;-0.1499844;0.7185766
3522105970;41.17093;-8.596383;-0.1500352;0.7185682
3522105971;41.17093;-8.596464;-0.1500366;0.7185683
3522105972;41.17093;-8.596294;-0.1500336;0.7185683
3522105973;41.17097;-8.596621;-0.1500393;0.7185689
3522105974;41.17097;-8.596127;-0.1500307;0.718569
3522105976;41.17103;-8.596493;-0.1500371;0.71857
3522105977;41.17104;-8.596755;-0.1500417;0.7185701
3522105978;41.17105;-8.596573;-0.1500385;0.7185704
3522105979;41.17105;-8.595988;-0.1500283;0.7185705
3522105980;41.17106;-8.596174;-0.1500315;0.7185705
3522105981;41.17109;-8.596646;-0.1500398;0.718571
3522105983;41.17115;-8.595881;-0.1500264;0.7185721
3522105984;41.1712;-8.595834;-0.1500256;0.718573
3522105986;41.17123;-8.596954;-0.1500452;0.7185735
3522105987;41.17124;-8.595937;-0.1500274;0.7185736
3522105989;41.17126;-8.596803;-0.1500425;0.7185741
3522105992;41.17139;-8.596816;-0.1500427;0.7185763
3522106293;41.17139;-8.595801;-0.150025;0.7185764
3522106296;41.17142;-8.595653;-0.1500224;0.7185768
3522106298;41.17145;-8.596795;-0.1500424;0.7185773
3522106304;41.17155;-8.597602;-0.1500565;0.7185791
3522106305;41.17158;-8.596681;-0.1500404;0.7185796
3522106307;41.17165;-8.596563;-0.1500383;0.7185808
3522106311;41.1717;-8.596786;-0.1500422;0.7185818
3522106312;41.17173;-8.59555;-0.1500206;0.7185822
3522106316;41.17175;-8.595415;-0.1500183;0.7185825
3522106319;41.1718;-8.595809;-0.1500252;0.7185835
3522106321;41.17184;-8.595474;-0.1500193;0.7185842
3522106322;41.17186;-8.595345;-0.1500171;0.7185844
3522106323;41.17196;-8.595407;-0.1500181;0.7185861
3522106324;41.17197;-8.595279;-0.1500159;0.7185865
3522178888;41.17979;-8.590173;-0.1499268;0.7187229
3522178889;41.17978;-8.589837;-0.1499209;0.7187226
3522178890;41.1798;-8.589609;-0.149917;0.7187231
3554953534;41.17228;-8.600139;-0.1501007;0.7185919
3554953622;41.17366;-8.604894;-0.1501837;0.718616
3554953658;41.17467;-8.603411;-0.1501578;0.7186336
3554953660;41.17472;-8.602324;-0.1501389;0.7186344
3554953662;41.17527;-8.603683;-0.1501626;0.718644
3554953664;41.17528;-8.603458;-0.1501587;0.7186441
3554953676;41.17831;-8.599045;-0.1500816;0.7186972
3554953677;41.17843;-8.599105;-0.1500827;0.7186992
3554953679;41.17852;-8.599176;-0.1500839;0.7187008
3554953680;41.17855;-8.599047;-0.1500817;0.7187013
3554953681;41.1786;-8.5989;-0.1500791;0.7187022
3554953687;41.1802;-8.605022;-0.150186;0.71873
3554953688;41.18021;-8.605056;-0.1501866;0.7187302
3570149219;41.16926;-8.585911;-0.1498524;0.7185391
3570149243;41.1726;-8.586579;-0.1498641;0.7185975
3570149270;41.17457;-8.583801;-0.1498156;0.7186319
3570149276;41.17488;-8.583658;-0.1498131;0.7186372
3570149278;41.17505;-8.58423;-0.1498231;0.7186403
3570149284;41.17531;-8.584777;-0.1498326;0.7186447
3570149287;41.1754;-8.584735;-0.1498319;0.7186463
3570149289;41.17573;-8.58325;-0.149806;0.7186521
3570149292;41.1767;-8.580397;-0.1497562;0.7186691
3570149393;41.17682;-8.582898;-0.1497998;0.7186711
3570149394;41.17689;-8.580765;-0.1497626;0.7186723
3570149395;41.17726;-8.582678;-0.149796;0.7186787
3573222096;41.17862;-8.598066;-0.1500646;0.7187026
3573222097;41.17864;-8.597533;-0.1500553;0.7187029
3573222098;41.1789;-8.600242;-0.1501025;0.7187074
3573222099;41.17915;-8.601116;-0.1501178;0.7187118
3573222104;41.17955;-8.5987;-0.1500756;0.7187186
3573222107;41.1797;-8.59838;-0.15007;0.7187214
3573222108;41.17974;-8.599425;-0.1500883;0.718722
3573222109;41.17978;-8.599579;-0.150091;0.7187227
3573222110;41.17979;-8.598733;-0.1500762;0.7187229
3573222114;41.17987;-8.59884;-0.1500781;0.7187243
3573222116;41.17998;-8.598873;-0.1500787;0.7187262
3573222124;41.18029;-8.598701;-0.1500757;0.7187317
3573222125;41.18031;-8.59853;-0.1500726;0.718732
3573222126;41.18036;-8.598492;-0.150072;0.7187328
3573222127;41.18045;-8.599088;-0.1500824;0.7187344
3573222128;41.18049;-8.599237;-0.150085;0.7187351
3573222130;41.18082;-8.599078;-0.1500822;0.7187409
3573222132;41.181;-8.599678;-0.1500927;0.718744
3573222133;41.18106;-8.599693;-0.150093;0.7187451
3573222138;41.18127;-8.599592;-0.1500912;0.7187488
3573222157;41.18155;-8.599469;-0.1500891;0.7187536
3573222198;41.18213;-8.5992;-0.1500844;0.7187638
3573222201;41.18222;-8.599161;-0.1500837;0.7187653
3573222212;41.18251;-8.599027;-0.1500813;0.7187704
3583878569;41.18509;-8.581845;-0.1497815;0.7188154
3713666408;41.17156;-8.594142;-0.1499961;0.7185793
3713666409;41.17176;-8.594363;-0.1499999;0.7185829
3713666410;41.17186;-8.596482;-0.1500369;0.7185846
3713666411;41.17189;-8.595479;-0.1500194;0.7185851
3713666412;41.17198;-8.594533;-0.1500029;0.7185866
3713666413;41.1721;-8.596061;-0.1500296;0.7185888
3713666414;41.17217;-8.595919;-0.1500271;0.71859
3713666415;41.17221;-8.594659;-0.1500051;0.7185906
3713666416;41.17225;-8.595785;-0.1500248;0.7185913
3713666417;41.17231;-8.595114;-0.150013;0.7185924
3713666418;41.17232;-8.595225;-0.150015;0.7185926
3713666419;41.17243;-8.595545;-0.1500206;0.7185945
3713666420;41.17245;-8.59474;-0.1500065;0.7185949
3713666421;41.17253;-8.595434;-0.1500186;0.7185962
3713666422;41.17274;-8.595243;-0.1500153;0.7185999
3713666423;41.17285;-8.59516;-0.1500138;0.7186018
3713666424;41.17287;-8.594858;-0.1500086;0.7186021
3713667325;41.17287;-8.594761;-0.1500069;0.7186021
3713667326;41.17294;-8.59497;-0.1500105;0.7186034
3713667327;41.17296;-8.595079;-0.1500124;0.7186037
3713816541;41.17132;-8.596814;-0.1500427;0.7185751
3713816542;41.17153;-8.596732;-0.1500413;0.7185788
3713816543;41.17188;-8.595314;-0.1500165;0.7185848
3713816544;41.17376;-8.594438;-0.1500012;0.7186176
3713816545;41.17436;-8.594164;-0.1499965;0.7186281
3713816546;41.17427;-8.594416;-0.1500009;0.7186265
3713816547;41.17483;-8.594167;-0.1499965;0.7186363
3713816548;41.17554;-8.593879;-0.1499915;0.7186489
3713843046;41.17481;-8.593964;-0.149993;0.718636
3713843047;41.17554;-8.593673;-0.1499879;0.7186487
3713843048;41.17615;-8.593493;-0.1499848;0.7186593
3713843049;41.17617;-8.593688;-0.1499881;0.7186598
3713843050;41.1764;-8.593434;-0.1499837;0.7186638
3713843051;41.17641;-8.593632;-0.1499872;0.718664
3713843052;41.17696;-8.593324;-0.1499818;0.7186735
3713843053;41.17697;-8.593525;-0.1499853;0.7186737
3713843054;41.17728;-8.593493;-0.1499847;0.7186791
3713963389;41.17727;-8.593293;-0.1499813;0.7186789
3713963390;41.17842;-8.593181;-0.1499793;0.718699
3713963391;41.17847;-8.593376;-0.1499827;0.7186999
3713963392;41.17941;-8.592203;-0.1499622;0.7187163
3713963393;41.17941;-8.592432;-0.1499662;0.7187163
3713963394;41.17944;-8.592547;-0.1499682;0.7187168
3713963395;41.17949;-8.591958;-0.149958;0.7187176
3713963396;41.17953;-8.592735;-0.1499715;0.7187185
3713963397;41.1796;-8.591801;-0.1499552;0.7187196
3713963398;41.17968;-8.592861;-0.1499737;0.7187209
3713963399;41.17976;-8.5917;-0.1499534;0.7187225
3713963400;41.17987;-8.59296;-0.1499754;0.7187243
3713963401;41.17989;-8.591679;-0.1499531;0.7187247
3713963402;41.17995;-8.593211;-0.1499798;0.7187257
3713963403;41.17997;-8.59169;-0.1499533;0.718726
3713963404;41.18006;-8.593917;-0.1499921;0.7187276
3713963405;41.18007;-8.590695;-0.1499359;0.7187278
3713963406;41.18008;-8.593713;-0.1499886;0.7187281
3713963407;41.18009;-8.594115;-0.1499956;0.7187282
3713963408;41.1801;-8.591751;-0.1499543;0.7187283
3713963409;41.18013;-8.590905;-0.1499396;0.7187288
3713963410;41.18015;-8.593542;-0.1499856;0.7187291
3713963411;41.18016;-8.594274;-0.1499984;0.7187293
3713963412;41.18019;-8.594329;-0.1499993;0.7187299
3713963413;41.18021;-8.59186;-0.1499562;0.7187303
3713963414;41.18023;-8.593421;-0.1499835;0.7187306
3713963415;41.18026;-8.591915;-0.1499572;0.7187311
3713963416;41.18031;-8.592969;-0.1499756;0.7187321
3713963417;41.18028;-8.593377;-0.1499827;0.7187315
3713963418;41.18029;-8.594426;-0.150001;0.7187316
3713963419;41.18033;-8.593338;-0.149982;0.7187324
3713963420;41.18034;-8.594465;-0.1500017;0.7187325
3713963421;41.18045;-8.594516;-0.1500026;0.7187344
3713963422;41.18051;-8.594525;-0.1500028;0.7187355
3713963423;41.18055;-8.593238;-0.1499803;0.7187362
3713963424;41.18064;-8.594508;-0.1500025;0.7187377
3713963927;41.1808;-8.59293;-0.1499749;0.7187406
3713963928;41.18081;-8.5944;-0.1500006;0.7187407
3713963929;41.18085;-8.594351;-0.1499997;0.7187415
3713963930;41.1809;-8.594289;-0.1499986;0.7187423
3713963932;41.18099;-8.59367;-0.1499878;0.7187439
3713963933;41.181;-8.593817;-0.1499904;0.7187441
3713963934;41.181;-8.593946;-0.1499927;0.7187441
3713963936;41.18105;-8.592923;-0.1499748;0.7187448
3713963939;41.18135;-8.592928;-0.1499749;0.7187502
3713963946;41.18169;-8.592952;-0.1499753;0.7187561
3713963949;41.18184;-8.592972;-0.1499757;0.7187588
3799695584;41.17184;-8.593468;-0.1499843;0.7185842
3799695585;41.1716;-8.59339;-0.1499829;0.7185799
3799695586;41.17146;-8.593413;-0.1499834;0.7185775
4149583051;41.17958;-8.598435;-0.150071;0.7187194
4161712070;41.17551;-8.597219;-0.1500498;0.7186483
4161712071;41.17553;-8.597119;-0.150048;0.7186486
4161712072;41.17556;-8.597102;-0.1500477;0.718649
4161712073;41.17557;-8.597064;-0.1500471;0.7186492
4161712074;41.17558;-8.597023;-0.1500464;0.7186494
4161712075;41.17561;-8.597014;-0.1500462;0.71865
4161712076;41.17566;-8.596985;-0.1500457;0.7186508
4161712077;41.17568;-8.596975;-0.1500455;0.7186512
4282469011;41.17567;-8.595314;-0.1500165;0.7186509
4282469012;41.17567;-8.595147;-0.1500136;0.7186511
4282469014;41.17571;-8.595429;-0.1500185;0.7186517
4282469015;41.17574;-8.595008;-0.1500112;0.7186521
4282469025;41.17581;-8.595492;-0.1500196;0.7186534
4282469037;41.17595;-8.595498;-0.1500197;0.7186558
4282469042;41.17608;-8.596456;-0.1500365;0.7186582
4282469044;41.17627;-8.596456;-0.1500365;0.7186615
4282469045;41.17653;-8.596474;-0.1500368;0.718666
4282469046;41.17698;-8.597178;-0.1500491;0.7186739
4282469047;41.17705;-8.597211;-0.1500496;0.7186751
4282469049;41.17725;-8.597307;-0.1500513;0.7186785
4282469050;41.17733;-8.59384;-0.1499908;0.71868
4282469051;41.17736;-8.594064;-0.1499947;0.7186804
4282469053;41.1784;-8.593948;-0.1499927;0.7186987
4282469056;41.179;-8.593671;-0.1499878;0.7187092
4282469057;41.17903;-8.593884;-0.1499916;0.7187097
4381097464;41.18015;-8.604859;-0.1501831;0.7187293
4393940282;41.17279;-8.588804;-0.1499029;0.7186007
4393940287;41.17305;-8.589571;-0.1499163;0.7186053
4393941394;41.17337;-8.589367;-0.1499127;0.7186109
4393941395;41.17335;-8.589698;-0.1499185;0.7186105
4393941398;41.17344;-8.59001;-0.149924;0.7186121
4393941400;41.17349;-8.589944;-0.1499228;0.718613
4393941410;41.17396;-8.589615;-0.1499171;0.7186212
4393941417;41.175;-8.584051;-0.14982;0.7186393
4393941430;41.17802;-8.582819;-0.1497985;0.7186921
4393941438;41.17815;-8.58301;-0.1498018;0.7186942
4393941442;41.1783;-8.582972;-0.1498011;0.7186968
4393941445;41.17836;-8.582882;-0.1497996;0.7186979
4393941449;41.17838;-8.583151;-0.1498042;0.7186982
4393941467;41.17854;-8.582819;-0.1497985;0.7187011
4393941470;41.17857;-8.582985;-0.1498013;0.7187015
4393941471;41.17859;-8.582572;-0.1497941;0.7187019
4393941472;41.17861;-8.583335;-0.1498075;0.7187024
4393941473;41.17883;-8.583636;-0.1498127;0.7187061
4393941474;41.17888;-8.584044;-0.1498198;0.718707
4393941475;41.17892;-8.582659;-0.1497957;0.7187077
4393941476;41.17895;-8.582539;-0.1497936;0.7187082
4393941477;41.17939;-8.585183;-0.1498397;0.718716
4393941478;41.17942;-8.584938;-0.1498354;0.7187166
4393941479;41.1795;-8.585061;-0.1498376;0.7187179
4394003186;41.17576;-8.584921;-0.1498351;0.7186525
4394003187;41.17585;-8.584473;-0.1498273;0.7186542
4394003188;41.17586;-8.58531;-0.1498419;0.7186543
4394003289;41.1759;-8.584856;-0.149834;0.7186551
4394003290;41.17595;-8.584837;-0.1498337;0.7186558
4394003291;41.176;-8.585244;-0.1498408;0.7186568
4412468497;41.18562;-8.587512;-0.1498804;0.7188246
4412468498;41.18544;-8.587555;-0.1498811;0.7188215
4413343749;41.18144;-8.584169;-0.149822;0.7187517
4418971963;41.18367;-8.587827;-0.1498858;0.7187906
4418972106;41.18535;-8.582658;-0.1497956;0.7188199
4420934337;41.18521;-8.58227;-0.1497889;0.7188176
4440945958;41.1852;-8.582221;-0.149788;0.7188173
4440945964;41.18511;-8.581946;-0.1497832;0.7188158
4441072621;41.17963;-8.590945;-0.1499403;0.7187202
4441072622;41.17718;-8.591244;-0.1499455;0.7186773
4441072623;41.17733;-8.591371;-0.1499477;0.71868
4441072624;41.17772;-8.591846;-0.149956;0.7186867
4441072625;41.1781;-8.592356;-0.1499649;0.7186935
4441072626;41.17728;-8.590299;-0.149929;0.7186791
4441072627;41.17744;-8.59038;-0.1499304;0.7186819
4441072628;41.17756;-8.590479;-0.1499321;0.718684
4441072629;41.17778;-8.590729;-0.1499365;0.7186878
4441072630;41.17799;-8.59108;-0.1499426;0.7186914
4441072631;41.17872;-8.592158;-0.1499615;0.7187043
4441072632;41.17786;-8.591775;-0.1499548;0.7186893
4441072633;41.17798;-8.591552;-0.1499509;0.7186913
4441072634;41.17817;-8.591348;-0.1499473;0.7186946
4441072635;41.17826;-8.59127;-0.149946;0.7186962
4441072636;41.17835;-8.591043;-0.149942;0.7186978
4441072669;41.1779;-8.587542;-0.1498809;0.7186899
4441072670;41.17784;-8.587403;-0.1498785;0.7186888
4441072671;41.17786;-8.587185;-0.1498747;0.7186893
4441072672;41.17756;-8.587121;-0.1498735;0.718684
4452244279;41.17588;-8.60147;-0.150124;0.7186547
4452244280;41.17593;-8.601583;-0.1501259;0.7186555
4452244281;41.17595;-8.601708;-0.1501281;0.7186558
4452244282;41.17591;-8.601807;-0.1501299;0.7186553
4452244283;41.17568;-8.602127;-0.1501354;0.7186512
4452244284;41.17592;-8.601564;-0.1501256;0.7186553
4452244285;41.17561;-8.602;-0.1501332;0.71865
4452315783;41.17593;-8.585836;-0.1498511;0.7186556
4452315784;41.17506;-8.586076;-0.1498553;0.7186403
4452315785;41.17508;-8.586331;-0.1498598;0.7186407
4452315954;41.17729;-8.590176;-0.1499268;0.7186793
4452315959;41.17623;-8.587595;-0.1498818;0.7186608
4452315963;41.17953;-8.584787;-0.1498328;0.7187183
4452315964;41.17954;-8.584424;-0.1498265;0.7187186
4452315969;41.17576;-8.5857;-0.1498487;0.7186525
4455723064;41.17077;-8.588617;-0.1498996;0.7185655
4455723065;41.17233;-8.591306;-0.1499466;0.7185927
4455723069;41.17107;-8.589562;-0.1499161;0.7185707
4455723086;41.17119;-8.589335;-0.1499122;0.7185728
4455723087;41.17163;-8.590095;-0.1499254;0.7185804
4455723088;41.17144;-8.590296;-0.1499289;0.7185771
4455723289;41.17107;-8.589639;-0.1499175;0.7185708
4455723290;41.17245;-8.591742;-0.1499542;0.7185948
4455723291;41.17192;-8.59084;-0.1499384;0.7185857
4455723292;41.17201;-8.590755;-0.1499369;0.7185872
4455723293;41.17406;-8.595484;-0.1500195;0.718623
4455723294;41.17413;-8.595448;-0.1500189;0.7186241
4455723295;41.17437;-8.594886;-0.1500091;0.7186284
4455723296;41.17441;-8.595656;-0.1500225;0.718629
4455723297;41.17435;-8.595831;-0.1500255;0.7186279
4455723298;41.17449;-8.595441;-0.1500187;0.7186304
4455723299;41.17456;-8.59525;-0.1500154;0.7186317
4455723300;41.17464;-8.595547;-0.1500206;0.7186331
4455723301;41.17427;-8.595551;-0.1500207;0.7186265
4455723302;41.1745;-8.594995;-0.150011;0.7186307
4455723303;41.17236;-8.597257;-0.1500504;0.7185932
4455723304;41.1721;-8.597072;-0.1500472;0.7185887
4455723305;41.17221;-8.596524;-0.1500376;0.7185906
4455723306;41.1722;-8.596452;-0.1500364;0.7185905
4455723307;41.17214;-8.596321;-0.1500341;0.7185894
4455723308;41.17214;-8.596265;-0.1500331;0.7185894
4455723309;41.17227;-8.596081;-0.1500299;0.7185917
4455723310;41.17213;-8.597914;-0.1500619;0.7185892
4455723314;41.17213;-8.597118;-0.150048;0.7185893
4455723315;41.17374;-8.602365;-0.1501396;0.7186173
4455723316;41.17309;-8.602316;-0.1501387;0.718606
4455723317;41.17363;-8.603758;-0.1501639;0.7186154
4455723318;41.17367;-8.60236;-0.1501395;0.7186161
4455723319;41.17371;-8.60123;-0.1501198;0.7186167
4463691459;41.18509;-8.588016;-0.1498891;0.7188154
4463691460;41.18462;-8.587966;-0.1498883;0.7188073
4463691461;41.18299;-8.587846;-0.1498862;0.7187788
4463691462;41.1823;-8.587461;-0.1498795;0.7187667
4463731540;41.18032;-8.586029;-0.1498545;0.7187322
4463731556;41.18002;-8.586666;-0.1498656;0.7187269
4463731557;41.18069;-8.58706;-0.1498725;0.7187386
4474021914;41.17884;-8.583858;-0.1498166;0.7187064
4474021915;41.1792;-8.583092;-0.1498032;0.7187126
4474021916;41.17949;-8.582595;-0.1497945;0.7187178
4474021917;41.17746;-8.588018;-0.1498892;0.7186823
4474021918;41.17756;-8.587974;-0.1498884;0.718684
4474021919;41.17743;-8.588021;-0.1498892;0.7186816
4474021920;41.17751;-8.588071;-0.1498901;0.7186831
4474021921;41.17543;-8.59021;-0.1499275;0.7186468
4474021922;41.17542;-8.590287;-0.1499288;0.7186467
4474021923;41.17522;-8.589397;-0.1499133;0.7186431
4474021924;41.1751;-8.589186;-0.1499096;0.7186411
4474021925;41.17524;-8.590354;-0.14993;0.7186434
4474021926;41.17536;-8.59042;-0.1499311;0.7186456
4474021928;41.17696;-8.591676;-0.149953;0.7186736
4474021930;41.17709;-8.591643;-0.1499525;0.7186758
4474021931;41.17712;-8.591601;-0.1499517;0.7186763
4474021933;41.17706;-8.591702;-0.1499535;0.7186753
4474021934;41.17708;-8.591737;-0.1499541;0.7186757
4474021935;41.1771;-8.591782;-0.1499549;0.7186759
4474021936;41.1771;-8.591847;-0.149956;0.718676
4474021937;41.1771;-8.591977;-0.1499583;0.7186759
4474021938;41.17697;-8.593144;-0.1499787;0.7186736
4474021939;41.17691;-8.593121;-0.1499783;0.7186726
4474021940;41.17687;-8.593081;-0.1499776;0.718672
4474021941;41.17699;-8.59297;-0.1499756;0.7186741
4474021942;41.17697;-8.593032;-0.1499767;0.7186737
4474021943;41.17694;-8.593057;-0.1499771;0.7186732
4474021944;41.1769;-8.593053;-0.1499771;0.7186725
4474021945;41.17687;-8.593029;-0.1499767;0.718672
4474021946;41.17685;-8.592972;-0.1499757;0.7186716
4474021947;41.17702;-8.592973;-0.1499757;0.7186746
4474021948;41.17681;-8.592964;-0.1499755;0.7186708
4474021949;41.17698;-8.593097;-0.1499778;0.7186739
4478069033;41.17447;-8.590588;-0.149934;0.7186301
4478069038;41.17442;-8.588718;-0.1499014;0.7186292
4478069039;41.17328;-8.592699;-0.1499709;0.7186093
4478069040;41.17318;-8.593044;-0.1499769;0.7186076
4478069041;41.17312;-8.593287;-0.1499812;0.7186065
4478069042;41.17308;-8.593513;-0.1499851;0.7186059
4478069043;41.17305;-8.5938;-0.1499901;0.7186053
4478069044;41.17304;-8.594035;-0.1499942;0.7186051
4478069045;41.17304;-8.594193;-0.149997;0.7186052
4478069046;41.17302;-8.594462;-0.1500017;0.7186047
4478069047;41.17153;-8.593382;-0.1499828;0.7185788
4478069048;41.17256;-8.593015;-0.1499764;0.7185968
4478069049;41.1741;-8.588267;-0.1498935;0.7186236
4478069050;41.17385;-8.586798;-0.1498679;0.7186193
4478069051;41.1733;-8.588156;-0.1498916;0.7186096
4478069052;41.17346;-8.589981;-0.1499235;0.7186125
4478069055;41.17565;-8.591675;-0.149953;0.7186507
4478069058;41.17554;-8.591311;-0.1499467;0.7186489
4478069059;41.17507;-8.591084;-0.1499427;0.7186406
4478069060;41.17515;-8.590875;-0.149939;0.718642
4478069061;41.17126;-8.584885;-0.1498345;0.7185741
4478069063;41.17172;-8.585899;-0.1498522;0.7185821
4478085704;41.175;-8.588449;-0.1498967;0.7186394
4478085707;41.17506;-8.588424;-0.1498963;0.7186403
4478085709;41.175;-8.589173;-0.1499093;0.7186393
4478087287;41.17463;-8.589024;-0.1499067;0.7186328
4478087288;41.17456;-8.588654;-0.1499003;0.7186317
4478129136;41.17778;-8.588649;-0.1499002;0.7186878
4478129137;41.17765;-8.58833;-0.1498946;0.7186856
4478129138;41.17764;-8.587987;-0.1498886;0.7186854
4478129143;41.17824;-8.585307;-0.1498419;0.7186959
4478129144;41.17801;-8.585392;-0.1498434;0.7186918
4478129145;41.17802;-8.586265;-0.1498586;0.7186921
4478129146;41.17799;-8.586268;-0.1498587;0.7186915
4478129152;41.17955;-8.584734;-0.1498319;0.7187186
4492974706;41.17985;-8.586248;-0.1498583;0.718724
4492974707;41.17953;-8.585783;-0.1498502;0.7187183
4492974708;41.17999;-8.584874;-0.1498343;0.7187265
4492974709;41.18111;-8.583875;-0.1498169;0.7187459
4492974710;41.18114;-8.583846;-0.1498164;0.7187465
4492974714;41.1851;-8.581903;-0.1497824;0.7188157
4492974715;41.1851;-8.581867;-0.1497818;0.7188156
4492974717;41.1861;-8.585105;-0.1498383;0.7188331
4494940764;41.18287;-8.587768;-0.1498848;0.7187766
4494940765;41.18;-8.587227;-0.1498754;0.7187265
4494940770;41.1809;-8.588014;-0.1498891;0.7187423
4495896928;41.18145;-8.583989;-0.1498189;0.718752
4495896929;41.18145;-8.583938;-0.149818;0.7187518
4495897262;41.18017;-8.589596;-0.1499167;0.7187295
4495897263;41.18019;-8.589601;-0.1499168;0.7187299
4495897267;41.18022;-8.589491;-0.1499149;0.7187304
4495897268;41.18023;-8.589493;-0.1499149;0.7187306
4495897270;41.18019;-8.58949;-0.1499149;0.7187299
4495897516;41.18529;-8.587561;-0.1498812;0.7188188
4496229634;41.18635;-8.586105;-0.1498558;0.7188374
4496229635;41.18633;-8.586402;-0.149861;0.718837
4505174781;41.17651;-8.587816;-0.1498857;0.7186656
4505205706;41.17043;-8.588421;-0.1498962;0.7185596
4517268078;41.17719;-8.5995;-0.1500896;0.7186775
4517268293;41.17729;-8.597799;-0.1500599;0.7186792
4517268307;41.17728;-8.597468;-0.1500541;0.7186791
4517268308;41.17651;-8.596461;-0.1500366;0.7186656
4517268309;41.17647;-8.596455;-0.1500364;0.7186649
4517268312;41.17666;-8.598649;-0.1500747;0.7186683
4517268326;41.1772;-8.597161;-0.1500488;0.7186777
4517268343;41.17643;-8.596256;-0.150033;0.7186642
4517268344;41.17623;-8.596456;-0.1500365;0.7186608
4517268345;41.17642;-8.595971;-0.150028;0.7186641
4517268346;41.17613;-8.595688;-0.1500231;0.718659
4517268349;41.1763;-8.596381;-0.1500352;0.7186621
4517268356;41.17631;-8.596456;-0.1500365;0.7186621
4517268358;41.17676;-8.597303;-0.1500513;0.71867
4517268359;41.17603;-8.595365;-0.1500174;0.7186574
4517268360;41.17606;-8.595268;-0.1500157;0.7186578
4517268361;41.17606;-8.594771;-0.1500071;0.7186579
4517268362;41.17596;-8.594672;-0.1500053;0.7186561
4517268363;41.17584;-8.594348;-0.1499997;0.718654
4517268364;41.17571;-8.594155;-0.1499963;0.7186517
4517268365;41.17558;-8.594027;-0.1499941;0.7186495
4517268370;41.17485;-8.603831;-0.1501652;0.7186366
4517268372;41.17532;-8.602314;-0.1501387;0.7186449
4523942704;41.17575;-8.601151;-0.1501184;0.7186524
4523942705;41.17573;-8.601051;-0.1501167;0.7186521
4523942706;41.17575;-8.600989;-0.1501156;0.7186524
4523942707;41.17577;-8.600924;-0.1501144;0.7186528
4523942718;41.17585;-8.60166;-0.1501273;0.7186542
4523942720;41.1762;-8.601657;-0.1501272;0.7186604
4523942721;41.17608;-8.601531;-0.150125;0.7186582
4523960189;41.17788;-8.599272;-0.1500856;0.7186896
4523960190;41.17761;-8.598317;-0.1500689;0.7186849
4523960191;41.17763;-8.598185;-0.1500666;0.7186852
4523960193;41.17604;-8.595599;-0.1500215;0.7186576
4534707505;41.17785;-8.59918;-0.150084;0.7186891
4562008793;41.18236;-8.587477;-0.1498797;0.7187678
4562008794;41.18318;-8.587888;-0.1498869;0.7187821
4562008795;41.18427;-8.587785;-0.1498851;0.7188011
4562008796;41.18449;-8.587898;-0.1498871;0.718805
4562008797;41.18456;-8.587938;-0.1498878;0.7188061
4562008798;41.18442;-8.587855;-0.1498864;0.7188038
4562008799;41.18476;-8.588039;-0.1498896;0.7188096
4562008800;41.18468;-8.588002;-0.1498889;0.7188083
4562008801;41.185;-8.588077;-0.1498902;0.7188138
4562008802;41.18516;-8.587869;-0.1498866;0.7188166
4562008803;41.18524;-8.587607;-0.149882;0.7188181
4566736207;41.17966;-8.589639;-0.1499175;0.7187207
4566736210;41.17966;-8.591022;-0.1499416;0.7187206
4566736211;41.17968;-8.5911;-0.149943;0.7187209
4566736212;41.17967;-8.591177;-0.1499443;0.7187208
4566736213;41.17963;-8.591287;-0.1499462;0.7187201
4566736214;41.17959;-8.59136;-0.1499475;0.7187194
4566736215;41.17954;-8.591409;-0.1499484;0.7187186
4566736216;41.17884;-8.592125;-0.1499609;0.7187063
4566736217;41.17874;-8.592173;-0.1499617;0.7187046
4566736218;41.17876;-8.592175;-0.1499617;0.718705
4566736219;41.17879;-8.592164;-0.1499615;0.7187055
4566736220;41.17881;-8.592142;-0.1499612;0.7187059
4566736221;41.17772;-8.591926;-0.1499574;0.7186867
4566736222;41.1777;-8.592035;-0.1499593;0.7186865
4566736223;41.17768;-8.592117;-0.1499607;0.718686
4566736224;41.17763;-8.592188;-0.149962;0.7186853
4566736225;41.17759;-8.592234;-0.1499628;0.7186844
4566797414;41.17499;-8.60052;-0.1501074;0.7186392
4566797415;41.17505;-8.600427;-0.1501058;0.7186403
4566797416;41.17507;-8.600366;-0.1501047;0.7186405
4566797417;41.17507;-8.600302;-0.1501036;0.7186406
4566797418;41.17507;-8.600239;-0.1501025;0.7186406
4566797419;41.17508;-8.600184;-0.1501015;0.7186407
4566797420;41.17509;-8.600131;-0.1501006;0.718641
4566797421;41.17513;-8.600025;-0.1500988;0.7186416
4566797441;41.17469;-8.598089;-0.150065;0.718634
4566797442;41.17482;-8.59815;-0.150066;0.7186361
4566797443;41.1742;-8.597795;-0.1500598;0.7186254
4566797444;41.17417;-8.5978;-0.1500599;0.7186248
4566797445;41.17413;-8.597842;-0.1500607;0.7186241
4566797446;41.17409;-8.597894;-0.1500615;0.7186234
4566797447;41.17405;-8.597915;-0.1500619;0.7186227
4566797448;41.17398;-8.597919;-0.150062;0.7186216
4566797449;41.17287;-8.597263;-0.1500506;0.7186021
4566797450;41.17244;-8.597005;-0.150046;0.7185946
4566797451;41.17413;-8.597467;-0.1500541;0.7186242
4566797452;41.17362;-8.597444;-0.1500537;0.7186152
4566797453;41.17415;-8.59748;-0.1500543;0.7186245
4566797454;41.17342;-8.597332;-0.1500518;0.7186118
4566797455;41.1733;-8.597131;-0.1500482;0.7186097
4566797456;41.17326;-8.597083;-0.1500474;0.718609
4566797457;41.17323;-8.597062;-0.150047;0.7186083
4566797458;41.17319;-8.597057;-0.150047;0.7186077
4566797459;41.17316;-8.597056;-0.1500469;0.7186071
4566797460;41.17294;-8.597067;-0.1500471;0.7186034
4566797461;41.17251;-8.596788;-0.1500423;0.7185959
4573526560;41.17298;-8.589338;-0.1499122;0.718604
4573598489;41.17683;-8.602284;-0.1501382;0.7186713
4573598490;41.1768;-8.602056;-0.1501342;0.7186708
4573598491;41.1729;-8.598998;-0.1500808;0.7186027
4573598492;41.17234;-8.598664;-0.150075;0.7185929
4573598493;41.17606;-8.594933;-0.1500099;0.7186578
4573598494;41.17612;-8.594796;-0.1500075;0.7186588
4573598495;41.17617;-8.594707;-0.1500059;0.7186598
4573598496;41.17624;-8.594568;-0.1500035;0.7186609
4573598497;41.17632;-8.594442;-0.1500013;0.7186623
4573598498;41.17638;-8.594268;-0.1499983;0.7186633
4573598499;41.17645;-8.594007;-0.1499937;0.7186646
4573598500;41.17651;-8.59378;-0.1499898;0.7186657
4573598501;41.17656;-8.593744;-0.1499891;0.7186666
4573598502;41.17665;-8.593726;-0.1499888;0.7186682
4573598503;41.17682;-8.59372;-0.1499887;0.718671
4573598504;41.17686;-8.593691;-0.1499882;0.7186719
4573598505;41.17316;-8.59529;-0.1500161;0.7186072
4573598506;41.17373;-8.594995;-0.150011;0.7186171
4573598507;41.17438;-8.594624;-0.1500045;0.7186285
4573598508;41.17448;-8.594562;-0.1500034;0.7186302
4573598509;41.17664;-8.593186;-0.1499794;0.7186679
4573598510;41.17664;-8.593071;-0.1499774;0.7186679
4573598511;41.17664;-8.59294;-0.1499751;0.718668
4573598512;41.17667;-8.592766;-0.1499721;0.7186684
4573598513;41.1767;-8.592602;-0.1499692;0.718669
4573598514;41.17675;-8.592325;-0.1499644;0.7186698
4573598515;41.17681;-8.59205;-0.1499595;0.7186709
4573598516;41.17682;-8.591846;-0.149956;0.7186711
4573598517;41.17684;-8.591674;-0.149953;0.7186714
4573598518;41.17685;-8.591501;-0.14995;0.7186716
4590506319;41.17392;-8.60067;-0.15011;0.7186204
4590506320;41.17383;-8.601048;-0.1501166;0.7186189
4590506321;41.17304;-8.600925;-0.1501145;0.7186052
4590506322;41.17289;-8.600613;-0.150109;0.7186025
4590506323;41.17272;-8.600596;-0.1501087;0.7185996
4590506324;41.1725;-8.600739;-0.1501112;0.7185956
4590506325;41.17249;-8.601267;-0.1501204;0.7185955
4590506326;41.17264;-8.601275;-0.1501206;0.7185982
4718388481;41.17519;-8.600064;-0.1500994;0.7186427
4720663314;41.1715;-8.598467;-0.1500716;0.7185782
4720708097;41.17004;-8.592149;-0.1499613;0.7185528
4731623572;41.17145;-8.594318;-0.1499992;0.7185773
4751793203;41.17296;-8.587715;-0.1498839;0.7186037
4751793204;41.17297;-8.587546;-0.149881;0.7186039
4751793205;41.17287;-8.588416;-0.1498961;0.7186022
4751793206;41.17283;-8.588614;-0.1498996;0.7186015
4751793207;41.17275;-8.588855;-0.1499038;0.7186001
4751793208;41.17336;-8.589431;-0.1499138;0.7186108
4751793209;41.17336;-8.589479;-0.1499147;0.7186106
4751793210;41.17335;-8.589531;-0.1499156;0.7186105
4751793211;41.17337;-8.58965;-0.1499177;0.7186109
4751793212;41.17336;-8.589589;-0.1499166;0.7186106
4751793213;41.17324;-8.589458;-0.1499143;0.7186087
4751793214;41.17331;-8.589416;-0.1499136;0.7186098
4751793215;41.17318;-8.589483;-0.1499148;0.7186075
4751793216;41.17321;-8.589474;-0.1499146;0.7186081
4751793217;41.17327;-8.589437;-0.149914;0.7186092
4751793218;41.17337;-8.589673;-0.1499181;0.7186108
4751793219;41.17305;-8.589535;-0.1499157;0.7186052
4751793220;41.17305;-8.589497;-0.149915;0.7186052
4751793221;41.17352;-8.589173;-0.1499093;0.7186136
4751793222;41.17342;-8.589291;-0.1499114;0.7186117
4751793223;41.17844;-8.58674;-0.1498669;0.7186995
4751793224;41.17839;-8.586641;-0.1498652;0.7186985
4751802409;41.18079;-8.583404;-0.1498087;0.7187403
5198563339;41.17408;-8.584712;-0.1498315;0.7186233
5198563340;41.17422;-8.584149;-0.1498217;0.7186257
5198563347;41.169;-8.585979;-0.1498536;0.7185346
5198563349;41.16888;-8.585287;-0.1498415;0.7185324
5258475326;41.17486;-8.603428;-0.1501581;0.7186369
5284172068;41.17759;-8.598073;-0.1500647;0.7186846
5284172069;41.177;-8.596107;-0.1500304;0.7186742
5284172070;41.17693;-8.595189;-0.1500144;0.7186731
5284518393;41.17734;-8.590345;-0.1499298;0.7186801
5284518394;41.17726;-8.591305;-0.1499466;0.7186787
5284518395;41.17699;-8.591624;-0.1499521;0.7186741
5284518396;41.17695;-8.591552;-0.1499509;0.7186733
5284518397;41.17688;-8.59151;-0.1499501;0.7186722
5284518398;41.17694;-8.591693;-0.1499533;0.7186733
5284518399;41.17704;-8.591683;-0.1499532;0.7186748
5284518400;41.17707;-8.591719;-0.1499538;0.7186754
5284518401;41.17709;-8.591757;-0.1499544;0.7186758
5284518402;41.1771;-8.59189;-0.1499568;0.7186759
5284518403;41.17712;-8.591887;-0.1499567;0.7186763
5284518404;41.1771;-8.591938;-0.1499576;0.718676
5284518405;41.17693;-8.593189;-0.1499794;0.718673
5284518406;41.17692;-8.593162;-0.149979;0.7186729
5284518407;41.17681;-8.593012;-0.1499763;0.7186709
5284518408;41.17698;-8.593003;-0.1499762;0.7186739
5284518409;41.17698;-8.593019;-0.1499765;0.7186738
5284518410;41.17696;-8.593047;-0.149977;0.7186735
5284518411;41.17692;-8.593059;-0.1499772;0.7186729
5284518412;41.17688;-8.593045;-0.1499769;0.7186722
5284518413;41.17686;-8.593003;-0.1499762;0.7186717
5284518414;41.17702;-8.592916;-0.1499747;0.7186745
5284518415;41.17702;-8.593014;-0.1499764;0.7186745
5284518416;41.17699;-8.593072;-0.1499774;0.7186741
5284518417;41.17698;-8.59312;-0.1499782;0.7186738
5284518418;41.17696;-8.593221;-0.14998;0.7186735
5284518419;41.17691;-8.593141;-0.1499786;0.7186728
5284518420;41.17689;-8.5931;-0.1499779;0.7186723
5284518521;41.17685;-8.593063;-0.1499773;0.7186716
5284518522;41.17682;-8.593032;-0.1499767;0.7186711
5284518523;41.1768;-8.592989;-0.149976;0.7186708
5284518524;41.17714;-8.591599;-0.1499517;0.7186767
5284518525;41.17707;-8.591657;-0.1499527;0.7186754
5284518526;41.1771;-8.591625;-0.1499521;0.718676
5284518527;41.17698;-8.591602;-0.1499518;0.7186739
5284518528;41.17577;-8.591631;-0.1499522;0.7186528
5284518529;41.17561;-8.591524;-0.1499504;0.7186499
5284518530;41.17544;-8.591343;-0.1499472;0.7186469
5284518531;41.17541;-8.59134;-0.1499472;0.7186464
5284518532;41.17537;-8.591327;-0.1499469;0.7186458
5284518533;41.17354;-8.589915;-0.1499223;0.7186138
5284518534;41.17342;-8.590077;-0.1499251;0.7186117
5284518535;41.17343;-8.590045;-0.1499246;0.7186119
5284518536;41.17352;-8.589926;-0.1499225;0.7186134
5284518537;41.17315;-8.589489;-0.1499149;0.718607
5284518538;41.17506;-8.58917;-0.1499093;0.7186404
5284518539;41.17535;-8.58978;-0.1499199;0.7186455
5284518540;41.17542;-8.590106;-0.1499256;0.7186467
5284518541;41.17543;-8.590154;-0.1499265;0.7186468
5284518542;41.17542;-8.590325;-0.1499295;0.7186466
5284518543;41.17539;-8.590394;-0.1499307;0.7186461
5284518544;41.17636;-8.587815;-0.1498857;0.718663
5284518545;41.17641;-8.587807;-0.1498855;0.7186639
5284518546;41.17645;-8.587807;-0.1498855;0.7186645
5284518547;41.17636;-8.588281;-0.1498938;0.7186631
5284518548;41.17635;-8.588127;-0.1498911;0.7186629
5284518549;41.17753;-8.587993;-0.1498888;0.7186835
5284518550;41.17846;-8.586795;-0.1498678;0.7186997
5284518551;41.17838;-8.586586;-0.1498642;0.7186984
5284518553;41.17896;-8.586275;-0.1498588;0.7187085
5307689992;41.17741;-8.583028;-0.1498021;0.7186814
5307689993;41.17533;-8.584037;-0.1498197;0.7186451
5307689994;41.17535;-8.584126;-0.1498213;0.7186455
5307689995;41.1751;-8.584005;-0.1498192;0.718641
5307689996;41.175;-8.584257;-0.1498235;0.7186393
5307689997;41.17483;-8.584338;-0.149825;0.7186364
5307689998;41.1743;-8.58441;-0.1498262;0.7186272
5307689999;41.17376;-8.584875;-0.1498343;0.7186176
5307690000;41.1744;-8.584743;-0.149832;0.7186289
5307690001;41.17448;-8.584512;-0.149828;0.7186303
5307690002;41.17424;-8.584633;-0.1498301;0.718626
5307690003;41.17271;-8.585244;-0.1498408;0.7185994
5307690004;41.17183;-8.585847;-0.1498513;0.7185839
5307690005;41.17122;-8.584905;-0.1498349;0.7185734
5307690006;41.1715;-8.584773;-0.1498326;0.7185782
5307690008;41.17166;-8.585435;-0.1498441;0.718581
5307690009;41.17088;-8.586318;-0.1498595;0.7185675
5308687547;41.17406;-8.583629;-0.1498126;0.718623
5308687548;41.17395;-8.583524;-0.1498107;0.7186211
5308687549;41.17375;-8.582916;-0.1498002;0.7186176
5308687556;41.17013;-8.584751;-0.1498322;0.7185543
5308687557;41.17;-8.584816;-0.1498333;0.718552
5308687559;41.17031;-8.585379;-0.1498431;0.7185575
5308687560;41.17017;-8.585449;-0.1498444;0.7185551
5308687561;41.16867;-8.585338;-0.1498424;0.7185289
5308687562;41.16877;-8.586036;-0.1498546;0.7185306
5310412092;41.1758;-8.600342;-0.1501043;0.7186534
5310412093;41.17574;-8.601099;-0.1501175;0.7186521
5310412097;41.17255;-8.595746;-0.1500241;0.7185965
5310412098;41.17249;-8.595798;-0.150025;0.7185956
5310412099;41.17242;-8.595894;-0.1500266;0.7185943
5310412100;41.17241;-8.595987;-0.1500283;0.7185941
5310412104;41.1766;-8.598446;-0.1500712;0.7186673
5310412106;41.17654;-8.598207;-0.150067;0.7186662
