4259341;26015892;25532204;
4259341;25532204;3522106301;
4259341;3522106301;3522106300;
4259341;3522106300;112597522;
4259341;112597522;3522106294;
4259341;3522106294;25532205;
4259341;25532205;3522105991;
4259341;3522105991;112597525;
4259343;26015879;3092764697;
4259343;3092764697;3713666408;
4259343;3713666408;3092764705;
4259343;3092764705;3713666409;
4259343;3713666409;25532146;
4259343;25532146;3713666412;
4259343;3713666412;3092764699;
4259343;3092764699;3713666415;
4259343;3713666415;25532145;
4259343;25532145;3713666420;
4259343;3713666420;3092764710;
4259343;3092764710;25532144;
4259343;25532144;3713667325;
4259343;3713667325;26122713;
4259344;26122714;3713667326;
4259344;3713667326;25532193;
4259344;25532193;3713666418;
4259344;3713666418;25532222;
4259345;26122714;25532197;
4259345;25532197;3713667327;
4259345;3713667327;3713666423;
4259345;3713666423;3713666422;
4259345;3713666422;25532199;
4259345;25532199;3713666421;
4259345;3713666421;3713666419;
4259345;3713666419;25532200;
4259345;25532200;3713666416;
4259345;3713666416;3713666414;
4259345;3713666414;3713666413;
4259345;3713666413;25532201;
4259345;25532201;25532202;
4259345;25532202;26015889;
4306660;26122784;3713963423;
4306660;3713963423;112652825;
4306660;112652825;3713963419;
4306660;3713963419;3713963417;
4306660;3713963417;3713963414;
4306660;3713963414;26057776;
4306660;26057776;3713963410;
4306660;3713963410;112652828;
4306660;112652828;3713963406;
4306660;3713963406;26057774;
4306660;26057774;3713963404;
4306660;3713963404;112652829;
4306660;112652829;3713963407;
4306660;3713963407;26057772;
4306660;26057772;3713963411;
4306660;3713963411;3713963412;
4306660;3713963412;112652830;
4306660;112652830;3713963418;
4306660;3713963418;3713963420;
4306660;3713963420;26057769;
4306660;26057769;3713963421;
4306660;3713963421;3713963422;
4306660;3713963422;112652831;
4306660;112652831;3713963424;
4306660;3713963424;26057767;
4306660;26057767;112652832;
4306660;112652832;3713963928;
4306660;3713963928;3713963929;
4306660;3713963929;3713963930;
4306660;3713963930;26057764;
4306660;26057764;112652833;
4306660;112652833;26057762;
4306660;26057762;3713963934;
4306660;3713963934;3713963933;
4306660;3713963933;3713963932;
4306660;3713963932;112652932;
4306661;26057853;3713963415;
4306661;3713963415;3713963413;
4306661;3713963413;26057854;
4306661;26057854;3713963408;
4306661;3713963408;112654450;
4306661;112654450;3713963403;
4306661;3713963403;3713963401;
4306661;3713963401;112654452;
4306661;112654452;3713963399;
4306661;3713963399;26057855;
4306661;26057855;3713963397;
4306661;3713963397;112653914;
4306661;112653914;3713963395;
4306661;3713963395;26057856;
4306661;26057856;3713963392;
4306661;3713963392;112653915;
4306661;112653915;3713963393;
4306661;3713963393;3713963394;
4306661;3713963394;26057857;
4306661;26057857;3713963396;
4306661;3713963396;112653406;
4306661;112653406;3713963398;
4306661;3713963398;26057858;
4306661;26057858;3713963400;
4306661;3713963400;26122720;
4306662;3139458027;3139458019;
4306662;3139458019;26057847;
4306662;26057847;26057848;
4306662;26057848;3139458026;
4306662;3139458026;3713963925;
4306662;3713963925;3713963926;
4306662;3713963926;26057849;
4306662;26057849;3713963931;
4306662;3713963931;3713963935;
4306662;3713963935;3713963938;
4306662;3713963938;26057850;
4306662;26057850;3713963941;
4306662;3713963941;26057852;
4306662;26057852;26122724;
27103792;4478069058;297369724;
27103792;297369724;5284518530;
27103792;5284518530;5284518531;
27103792;5284518531;5284518532;
27103792;5284518532;4478069059;
27103792;4478069059;297369739;
27103792;297369739;4478069033;
27103792;4478069033;297369726;
27103792;297369726;4393941395;
27289994;299573551;299607856;
27289994;299607856;299597869;
27289994;299597869;5307690000;
27289994;5307690000;122491913;
27290079;5198563347;3570149214;
27290079;3570149214;3570149216;
27290079;3570149216;299579035;
27290079;299579035;5307690010;
27290079;5307690010;1106006315;
27290079;1106006315;5307690011;
27290079;5307690011;5307690007;
27290079;5307690007;1106006333;
27290127;299580145;5308687548;
27290127;5308687548;299599582;
27290127;299599582;299590514;
27290127;299590514;299583544;
27290127;299583544;299590114;
27290127;299590114;5307690006;
27290127;5307690006;299592087;
27290127;299592087;4478069061;
27290127;4478069061;5307690005;
27290127;5307690005;5308687559;
27290127;5308687559;1106006331;
27290127;1106006331;5308687560;
27290127;5308687560;3570149219;
27290127;3570149219;5198563347;
27290127;5198563347;5308687562;
27290127;5308687562;299579766;
27290137;299579890;5308687561;
27290137;5308687561;5198563349;
27290137;5198563349;299580230;
27290137;299580230;5308687557;
27290137;5308687557;1106006305;
27290137;1106006305;5308687556;
27290137;5308687556;299599501;
27290137;299599501;299599440;
27290137;299599440;299590394;
27290137;299590394;1108076408;
27290191;1352647025;5307690222;
27290191;5307690222;299592374;
27290191;299592374;299599024;
27290191;299599024;297369742;
27290217;299580961;5308687554;
27290217;5308687554;3570149231;
27290217;3570149231;5308687555;
27290217;5308687555;1106006305;
27290217;1106006305;5308687558;
27290217;5308687558;1106006331;
27290217;1106006331;5307690013;
27290392;299583501;5307690003;
27290392;5307690003;1106006324;
27290392;1106006324;299583544;
27290454;299584051;1731169671;
27290454;1731169671;1108076408;
27290456;343634615;4492321405;
27290456;4492321405;4492321407;
27290456;4492321407;1731169422;
27290456;1731169422;343634602;
27290456;343634602;1334167600;
27290456;1334167600;299584061;
27290456;299584061;299584064;
27290456;299584064;1731169440;
27290456;1731169440;1731169436;
27290456;1731169436;299584296;
27290456;299584296;5308687553;
27290456;5308687553;299580961;
27290456;299580961;5308687552;
27290456;5308687552;343634589;
27290456;343634589;5308687550;
27290456;5308687550;299584069;
27290902;299590114;299590394;
27290952;299592087;299592133;
27290952;299592133;1106006309;
27290952;1106006309;1731169595;
27290952;1731169595;4478069063;
27290999;299592374;299592379;
27291486;299598126;299597866;
27291520;299598639;299598126;
27291520;299598126;299598638;
27291520;299598638;299598676;
27291749;299598639;299599207;
27291749;299599207;299597869;
27292604;299608246;1731170416;
27292604;1731170416;299608108;
27292604;299608108;4394003187;
27292604;4394003187;299608120;
27292604;299608120;1731170240;
27292604;1731170240;1731170233;
27292604;1731170233;299607855;
27292604;299607855;1731170248;
27292604;1731170248;1731170245;
27292604;1731170245;299607856;
27292621;299608220;299608246;
27292621;299608246;299608221;
29035153;112613608;26057853;
29036513;25532210;3522106316;
29036513;3522106316;3522106322;
29036513;3522106322;3522106324;
29036513;3522106324;25532211;
30911255;297369744;299599148;
30911275;343634626;1223751736;
30911275;1223751736;1223751698;
30911280;343634636;410371870;
30912870;2168903802;1165604097;
30912870;1165604097;343646682;
30912870;343646682;343646683;
30912870;343646683;343646684;
34597087;401623785;401623786;
34628257;343634640;4452315764;
34628257;4452315764;4473265202;
34628257;4473265202;416410131;
34628257;416410131;444017071;
34628257;444017071;444017063;
34628257;444017063;444017065;
34628257;444017065;444017068;
34628257;444017068;2168903806;
34628269;343634629;4473312162;
34628269;4473312162;4473312164;
34628269;4473312164;4464000768;
34628269;4464000768;343634630;
34628269;343634630;4473312165;
34628269;4473312165;5291836449;
34628269;5291836449;5291836448;
34628269;5291836448;343634631;
34628269;343634631;1548515353;
34628269;1548515353;5291836411;
34628269;5291836411;5291836412;
34628269;5291836412;5291836413;
34628269;5291836413;343634635;
34628269;343634635;412249452;
34628269;412249452;406359726;
34628269;406359726;5291836419;
34628269;5291836419;299575942;
34968603;319327503;343634623;
34968603;343634623;4452315769;
34968603;4452315769;343634624;
34968603;343634624;3501878305;
34968603;3501878305;3501878306;
34968603;3501878306;4464000766;
34968603;4464000766;5291836455;
34968603;5291836455;5291836454;
34968603;5291836454;343634625;
34968743;343634624;5291836456;
34968743;5291836456;410371870;
34968743;410371870;1223751698;
35078498;411504965;411504964;
35078498;411504964;2168903806;
35078501;411504995;411835470;
35078501;411835470;411504997;
35078501;411504997;445439284;
35078501;445439284;432578810;
35078501;432578810;411504999;
35078501;411504999;432578813;
35078501;432578813;445439290;
35078501;445439290;411504977;
35078502;411504966;411504995;
35112603;343634625;4464000764;
35112603;4464000764;5291836452;
35112603;5291836452;343634626;
35997763;112613604;2846609715;
35997763;2846609715;2846609714;
35997763;2846609714;2846609713;
35997763;2846609713;444026528;
35997763;444026528;444026527;
35997763;444026527;420776961;
35997812;420777495;420777496;
35997812;420777496;445439274;
35997812;445439274;412256453;
35997812;412256453;411835470;
35997812;411835470;4455723310;
35997812;4455723310;411835382;
35997812;411835382;4455723303;
35997812;4455723303;4566797450;
35997812;4566797450;4566797461;
35997812;4566797461;411835384;
37141967;420776943;435240914;
37141967;435240914;4523960191;
37141967;4523960191;5284172068;
37141967;5284172068;2185792256;
37141967;2185792256;5284172069;
37141967;5284172069;432578826;
37141967;432578826;432578827;
37141967;432578827;1223751630;
37141967;1223751630;432578828;
37141967;432578828;5284172070;
37141967;5284172070;435240917;
37141967;435240917;784475024;
37141968;432578781;4517268078;
37141968;4517268078;1223751641;
37141968;1223751641;1223751723;
37141968;1223751723;430012030;
37141968;430012030;4517268312;
37141968;4517268312;5310412104;
37141968;5310412104;5310412106;
37141968;5310412106;430012028;
37141968;430012028;2185848579;
37141970;432578836;4492974710;
37141970;4492974710;4492974709;
37141970;4492974709;445041886;
37141970;445041886;1838438345;
37141970;1838438345;432578837;
37141970;432578837;5284518553;
37141970;5284518553;432578838;
37141970;432578838;4441072669;
37141970;4441072669;432578835;
37141970;432578835;432578839;
37141970;432578839;4474021918;
37141970;4474021918;5284518549;
37141970;5284518549;432578829;
37141970;432578829;4474021917;
37141970;4474021917;4474021919;
37141970;4474021919;2066740979;
37141970;2066740979;4505174781;
37141970;4505174781;2066740971;
37141970;2066740971;5284518546;
37141970;5284518546;5284518545;
37141970;5284518545;5284518544;
37141970;5284518544;432578841;
37141970;432578841;4478085707;
37141970;4478085707;4478085704;
37141970;4478085704;432578842;
37141971;432578800;4452315959;
37141971;4452315959;432578841;
37141973;435240927;435240930;
37141973;435240930;432578852;
37141973;432578852;435240932;
37141973;435240932;432578853;
37141975;432578853;2066740958;
37141975;2066740958;432578859;
37141976;432578856;5284518534;
37141976;5284518534;5284518535;
37141976;5284518535;4393941398;
37141976;4393941398;4478069052;
37141976;4478069052;4393941400;
37141976;4393941400;5284518536;
37141976;5284518536;5284518533;
37141976;5284518533;297369726;
37141977;4393941394;4751793222;
37141977;4751793222;1223751659;
37141977;1223751659;4751793221;
37141977;4751793221;432578865;
37141977;432578865;432578866;
37141977;432578866;4478069038;
37141977;4478069038;4478087288;
37141977;4478087288;432578842;
37141978;432578865;4478069051;
37141978;4478069051;432578867;
37141978;432578867;1223751654;
37141979;297369740;432578825;
37141980;432578845;4478085709;
37141980;4478085709;432578879;
37141980;432578879;5284518538;
37141980;5284518538;4474021924;
37141980;4474021924;432578882;
37141980;432578882;4474021923;
37141980;4474021923;432578885;
37141980;432578885;5284518539;
37141980;5284518539;432578888;
37141980;432578888;5284518540;
37141980;5284518540;5284518541;
37141980;5284518541;4474021921;
37141980;4474021921;4474021922;
37141980;4474021922;5284518542;
37141980;5284518542;432578890;
37141980;432578890;5284518543;
37141980;5284518543;4474021926;
37141980;4474021926;432578848;
37141981;445041885;445041884;
37141981;445041884;5284518551;
37141981;5284518551;4751793224;
37141981;4751793224;445041883;
37141981;445041883;4751793223;
37141981;4751793223;5284518550;
37141981;5284518550;432578838;
37141982;432578831;432578901;
37141982;432578901;432578906;
37141982;432578906;4573598508;
37141982;4573598508;4573598507;
37141982;4573598507;432578908;
37141982;432578908;4573598506;
37141982;4573598506;432578916;
37141982;432578916;4573598505;
37141982;4573598505;5310412097;
37141982;5310412097;5310412098;
37141982;5310412098;432578919;
37141982;432578919;5310412099;
37141982;5310412099;432578922;
37141983;411835382;432578938;
37141983;432578938;432578945;
37141983;432578945;432578817;
37142500;3713816545;3713843046;
37142500;3713843046;26122715;
37142500;26122715;3713843047;
37142500;3713843047;26122717;
37142500;26122717;3713843048;
37142500;3713843048;3713843050;
37142500;3713843050;26122718;
37142655;432589603;4566736207;
37142655;4566736207;432589605;
37142655;432589605;432589606;
37142655;432589606;432578835;
37221655;2207552041;445028228;
37221655;445028228;1389528052;
37221656;112651987;4495897270;
37221656;4495897270;4495897267;
37221656;4495897267;4495897268;
37221656;4495897268;433469196;
37338733;435240917;435240959;
37856482;444017068;4573702096;
37856482;4573702096;4573702097;
37856482;4573702097;444017069;
37856823;444026518;444026520;
37856823;444026520;444026522;
37856823;444026522;444026524;
37856824;444026522;444026527;
37916215;445041881;4492974706;
37916215;4492974706;4492974707;
37916215;4492974707;432578837;
37916216;445041886;4492974708;
37916216;4492974708;445041887;
37916217;445041888;1731170942;
37916217;1731170942;1731171018;
37916217;1731171018;445041889;
37916219;445041889;1731171020;
37916219;1731171020;1731170982;
37916219;1731170982;112664320;
37937528;112651985;445439324;
37937528;445439324;1389528038;
37937528;1389528038;445439326;
37937528;445439326;445439300;
38080329;447881534;447916490;
38080329;447916490;5307689995;
38080329;5307689995;447867547;
38083514;444030255;1731170113;
38083514;1731170113;1837707421;
38083514;1837707421;447881534;
41380172;435240906;3573222096;
41380172;3573222096;506111738;
41380172;506111738;3573222097;
41380172;3573222097;2185756687;
41380173;435240959;506111741;
41380173;506111741;4282469053;
41380173;4282469053;506111742;
62087613;297369729;4573526560;
62087613;4573526560;773982497;
62087615;432578854;432578855;
62087615;432578855;432578856;
62087615;432578856;4393940287;
62087615;4393940287;4751793219;
62087615;4751793219;4751793220;
62087615;4751793220;297369729;
62087616;773982499;773982492;
62087616;773982492;297369732;
62087618;297369732;297369731;
62087618;297369731;773982488;
62087618;773982488;297369740;
62087621;299599148;4478069032;
62087621;4478069032;4505205706;
62087622;773982487;1842003114;
62087622;1842003114;4751793204;
62087622;4751793204;4751793203;
62087622;4751793203;1223751741;
62087622;1223751741;4751793205;
62087622;4751793205;4751793206;
62087622;4751793206;4393940282;
62087622;4393940282;4751793207;
62087622;4751793207;773982497;
63192525;1223751805;1223751624;
63192525;1223751624;5284518525;
63192525;5284518525;4474021930;
63192525;4474021930;5284518526;
63192525;5284518526;4474021931;
63192525;4474021931;1223751732;
63192525;1223751732;5284518524;
63192525;5284518524;5284518403;
63192525;5284518403;5284518404;
63192525;5284518404;4474021937;
106334850;1223751736;343634638;
106334851;1223751732;4441072622;
106334851;4441072622;1838434498;
106334851;1838434498;4441072626;
106334851;4441072626;4452315954;
106334851;4452315954;2066740983;
106334851;2066740983;4474021920;
106334851;4474021920;432578829;
106334852;4478053098;1223751698;
106334854;3501878316;3799695586;
106334854;3799695586;4478069047;
106334854;4478069047;3799695585;
106334854;3799695585;3799695584;
106334854;3799695584;432578864;
106334854;432578864;432578863;
106334854;432578863;432578862;
106334854;432578862;4478069048;
106334854;4478069048;432578861;
106334854;432578861;4478069039;
106334854;4478069039;432578860;
106334854;432578860;401623786;
106334854;401623786;432578859;
106334854;432578859;432578854;
106334854;432578854;432578858;
106334854;432578858;4478069055;
106334857;432578798;432578842;
106334857;432578842;432578845;
106334857;432578845;432578847;
106334857;432578847;4474021925;
106334857;4474021925;432578848;
106334857;432578848;4478069058;
106334857;4478069058;5284518529;
106334857;5284518529;4478069055;
106334860;445439337;4573598491;
106334860;4573598491;432578810;
106334860;432578810;432578938;
106334865;4441072626;1223751622;
106334865;1223751622;1223751778;
106334865;1223751778;1223751695;
106334865;1223751695;1223751716;
106334865;1223751716;1223751650;
106334865;1223751650;1223751675;
106334865;1223751675;1223751783;
106334865;1223751783;2085810952;
106334865;2085810952;2085810954;
106334865;2085810954;5284518547;
106334865;5284518547;2085810953;
106334865;2085810953;5284518548;
106334865;5284518548;2085810951;
106334865;2085810951;432578841;
118672059;343634602;1731169346;
118672059;1731169346;343634599;
118672059;343634599;343634597;
118672059;343634597;1334167601;
118672059;1334167601;343634595;
118672059;343634595;343634593;
118672059;343634593;343634591;
118672059;343634591;5308687551;
118672059;5308687551;343634589;
118672061;1334167600;1334167597;
118672061;1334167597;1334167591;
118672061;1334167591;1731169400;
118672061;1731169400;343634593;
120692683;5307690009;5307690221;
120692683;5307690221;1352647025;
125000470;433469196;4495897269;
125000470;4495897269;4495897266;
125000470;4495897266;4495897265;
125000470;4495897265;1389528041;
125000470;1389528041;433469199;
125000470;433469199;4463692791;
125000470;4463692791;1389528045;
125000470;1389528045;4463691488;
125000470;4463691488;433469200;
125000470;433469200;4494940788;
125000470;4494940788;433469201;
125000470;433469201;445032809;
125000470;445032809;433469204;
125000470;433469204;4494941193;
125000470;4494941193;433469205;
125000470;433469205;4494940785;
125000470;4494940785;1389528066;
125000470;1389528066;4494940783;
125000470;4494940783;1207565720;
125000470;1207565720;4494940784;
125000470;4494940784;1207565719;
125000470;1207565719;1207565722;
125000470;1207565722;3573222252;
125000475;1389528052;4463692792;
125000475;4463692792;433469196;
161123863;1731170260;5307689994;
161123863;5307689994;1731170190;
161123863;1731170190;447867547;
161123864;447867547;447867546;
161123864;447867546;5307689993;
161123864;5307689993;1731170260;
161123865;447867547;3570149278;
161123865;3570149278;5307689996;
161123865;5307689996;5307689997;
161123899;447918300;1731170089;
161123899;1731170089;1731170101;
161123899;1731170101;447881534;
161123913;1106006309;5307690008;
161123913;5307690008;1106006324;
161123913;1106006324;299579036;
161124274;269565778;1731170805;
161124274;1731170805;4474021914;
161124274;4474021914;1731170827;
161124274;1731170827;1731170834;
161124274;1731170834;4474021915;
161124274;4474021915;1731170867;
161124274;1731170867;4474021916;
161124274;4474021916;1731170869;
172889538;299573943;1837318438;
172889538;1837318438;1837681069;
172889538;1837681069;1837323243;
172889538;1837323243;432578838;
172932225;2066740975;1837681067;
172932225;1837681067;1837681068;
172935953;789709524;3570149292;
172935953;3570149292;3570149394;
172935953;3570149394;1837707424;
172935953;1837707424;1837707422;
172935953;1837707422;3570149395;
172935953;3570149395;1837707425;
172935953;1837707425;3570149393;
172935953;3570149393;1837707426;
172935953;1837707426;3570149289;
172935953;3570149289;1837707420;
172935953;1837707420;1837707421;
173013103;1838434498;1838434497;
173013103;1838434497;1838434495;
173013103;1838434495;1838434491;
173013103;1838434491;1838434493;
173013103;1838434493;1838434499;
173013103;1838434499;1838434494;
173013103;1838434494;1838434492;
206360115;2163677954;2163677955;
206360115;2163677955;2163677956;
206360116;2163677959;4503222514;
206360116;4503222514;2163677964;
206360116;2163677964;4418972105;
206360116;4418972105;2163677965;
206360116;2163677965;2163677956;
206360116;2163677956;1389528041;
206843929;2168903808;2168903804;
206843929;2168903804;411504965;
206843931;411504965;4473275401;
206843931;4473275401;4452315953;
206843931;4452315953;411504966;
208262837;2185756687;2185762067;
208262837;2185762067;2185762064;
208262837;2185762064;2185762047;
208262837;2185762047;2185762049;
208262837;2185762049;506111741;
208262837;506111741;2185762050;
208262837;2185762050;2185756687;
208263088;2185762067;2185766308;
208263088;2185766308;2185766309;
208263088;2185766309;2185766307;
208263088;2185766307;2185766310;
208263088;2185766310;2185766306;
208263088;2185766306;2185765238;
208263088;2185765238;2185765236;
208263088;2185765236;2185765234;
208263088;2185765234;2185765237;
208263088;2185765237;2185765235;
208263088;2185765235;2185762064;
208265320;4282469045;4282469046;
208265320;4282469046;4282469047;
208265320;4282469047;2185792255;
208265320;2185792255;4517268326;
208265320;4517268326;2185792256;
208272059;4517268326;4282469049;
208272059;4282469049;4517268307;
208272059;4517268307;4517268293;
211339122;445439300;112613613;
211339122;112613613;112613614;
211339122;112613614;112613616;
211339122;112613616;112613618;
211339122;112613618;445041881;
211339122;445041881;445041888;
211339125;1103464865;1838445085;
211339125;1838445085;112664310;
211339125;112664310;112664312;
211339125;112664312;4495896929;
211339125;4495896929;4495896928;
211339125;4495896928;112664314;
211339125;112664314;4413343749;
211339125;4413343749;112664315;
211339125;112664315;112664316;
211339125;112664316;1731171102;
211339125;1731171102;112664317;
211339125;112664317;112664318;
211339125;112664318;4463731540;
211339125;4463731540;3139458003;
211339125;3139458003;112664320;
211339125;112664320;112664325;
211339125;112664325;112664327;
211339125;112664327;445028226;
211339125;445028226;112664333;
211339125;112664333;2207552041;
211339125;2207552041;112651985;
211339125;112651985;112651987;
211339125;112651987;1389528039;
211339125;1389528039;112651988;
211339125;112651988;26057846;
211339125;26057846;3713963405;
211339125;3713963405;3713963409;
211339125;3713963409;3139458027;
211339125;3139458027;2583924942;
211339125;2583924942;112651991;
212708375;2168903808;343634629;
212708375;343634629;5291836451;
212708375;5291836451;343634638;
220234009;26057853;112613609;
220234009;112613609;112613610;
220234009;112613610;2846609718;
220234009;2846609718;3522178888;
220234009;3522178888;112613611;
220234009;112613611;432589602;
220234009;432589602;432589603;
220234009;432589603;112613612;
220234009;112613612;445439300;
220234012;26122718;3713843052;
220234012;3713843052;26122719;
228657552;297369744;1842003111;
228657552;1842003111;319327505;
238249556;2460915663;2460915671;
238249556;2460915671;2460915664;
238249556;2460915664;2460915665;
238249556;2460915665;2460915666;
238249556;2460915666;2460915667;
238249556;2460915667;2460915668;
238249556;2460915668;2460915669;
238249556;2460915669;2460915670;
238249557;2460915671;2460915672;
253026354;122491913;5307690002;
253026354;5307690002;5198563339;
253026354;5198563339;5307689999;
253026357;122491913;5307689998;
253026357;5307689998;5198563340;
253026357;5198563340;789709529;
308678930;445041888;112613620;
308678930;112613620;112613621;
316459169;420776943;3554953676;
316459169;3554953676;430006694;
316459169;430006694;3554953681;
316459169;3554953681;4149583051;
316459169;4149583051;3573222107;
316459169;3573222107;420776945;
316459169;420776945;420807840;
345566829;26015892;3522106304;
345566829;3522106304;26015890;
345566829;26015890;3522106311;
345566829;3522106311;3092764693;
345566831;3092764693;3522106319;
345566831;3522106319;3092764716;
345566831;3092764716;26015888;
345566831;26015888;3092764718;
345566831;3092764718;26015884;
345566832;25532189;3522106293;
345566832;3522106293;3522105987;
345566832;3522105987;112597541;
345566832;112597541;25532186;
345566832;25532186;3522105980;
345566832;3522105980;112597544;
345566832;112597544;25532185;
345566832;25532185;3522105976;
345566832;3522105976;3522105978;
345566832;3522105978;3522105981;
345566832;3522105981;112597546;
345566832;112597546;3092764688;
345566832;3092764688;3522105989;
345566832;3522105989;3713816541;
345566832;3713816541;3522105992;
345566832;3522105992;3522106298;
345566832;3522106298;112597547;
345566832;112597547;3713816542;
345566832;3713816542;3522106305;
345566832;3522106305;3522106307;
345566832;3522106307;3092764693;
345566834;112597525;3522105986;
345566834;3522105986;25532206;
345566834;25532206;25532207;
345566834;25532207;3522105977;
345566834;3522105977;112597526;
345566834;112597526;3522105973;
345566834;3522105973;3092764689;
345566834;3092764689;3522105971;
345566834;3522105971;3522105970;
345566834;3522105970;3522105972;
345566834;3522105972;25532208;
345566834;25532208;3522105974;
345566834;3522105974;112597528;
345566834;112597528;3522105979;
345566834;3522105979;25532209;
345566834;25532209;3522105983;
345566834;3522105983;3522105984;
345566834;3522105984;319327500;
345566834;319327500;3522106296;
345566834;3522106296;25532210;
345573793;3522178888;3522178889;
345573793;3522178889;3522178890;
345573793;3522178890;112651987;
345573794;3522178890;1389528039;
345573795;1389528040;4495897263;
345573795;4495897263;4495897262;
345573795;4495897262;1389528039;
345573796;433469196;1389528040;
345574068;445028185;3583878569;
345574068;3583878569;4492974715;
345574068;4492974715;4492974714;
345574068;4492974714;4440945964;
345574068;4440945964;4440945958;
345574068;4440945958;4420934337;
345574068;4420934337;4418972106;
345574068;4418972106;1650259143;
345574068;1650259143;445028184;
345574068;445028184;445028183;
345574068;445028183;433469220;
345574068;433469220;4492974717;
345574068;4492974717;433469222;
345574068;433469222;433469225;
345574068;433469225;4496229634;
345574068;4496229634;3168773383;
345574068;3168773383;433469229;
345574068;433469229;4496229635;
345574068;4496229635;433469234;
345574068;433469234;3168773378;
345574068;3168773378;433469236;
345574068;433469236;3168773372;
345574068;3168773372;433469237;
345574068;433469237;433469238;
345574068;433469238;433469239;
345574068;433469239;4412468497;
345574068;4412468497;433469240;
345574068;433469240;4412468498;
345574068;4412468498;433469241;
345574068;433469241;4495897516;
345574068;4495897516;3168698827;
345574068;3168698827;4562008803;
345574068;4562008803;433469243;
345574068;433469243;4562008802;
345574068;4562008802;433469246;
345574068;433469246;4463691459;
345574068;4463691459;433469248;
345574068;433469248;4562008801;
345574068;4562008801;433469250;
345574068;433469250;1207561936;
345574068;1207561936;4562008799;
345574068;4562008799;4562008800;
345574068;4562008800;4463691460;
345574068;4463691460;4562008797;
345574068;4562008797;4562008796;
345574068;4562008796;4562008798;
345574068;4562008798;433469258;
345574068;433469258;4562008795;
345574068;4562008795;433469262;
345574068;433469262;433469264;
345574068;433469264;4418971963;
345574068;4418971963;433469266;
345574068;433469266;4562008794;
345574068;4562008794;433469268;
345574068;433469268;4463691461;
345574068;4463691461;4494940764;
345574068;4494940764;4562008793;
345574068;4562008793;4463691462;
345574068;4463691462;445028178;
345574068;445028178;433469180;
345574068;433469180;433469208;
345574068;433469208;1389528062;
345574068;1389528062;433469209;
345574068;433469209;433469211;
345574068;433469211;4494940770;
345574068;4494940770;433469213;
345574068;433469213;433469216;
345574068;433469216;433469218;
345574068;433469218;4494940765;
345574068;4494940765;445028226;
351255867;3570149233;3570149231;
351255876;3570149278;4393941417;
351255876;4393941417;3570149276;
351255876;3570149276;3570149270;
351255888;3570149210;3570149222;
351255888;3570149222;3570149231;
351255892;1731170245;3570149284;
351255892;3570149284;3570149287;
351255892;3570149287;1731170240;
367461722;26122713;3713816544;
367461722;3713816544;3713816545;
367461723;3713816546;26122714;
367461725;25532222;3522106323;
367461725;3522106323;3522106321;
367461725;3522106321;3522106312;
367461725;3522106312;25532189;
367461726;25532211;3713666417;
367461726;3713666417;25532212;
367461726;25532212;3713666424;
367461726;3713666424;26122713;
367464148;3713843054;26122787;
367477465;26122787;3713843053;
367477465;3713843053;26122788;
367477467;26122786;3713963391;
367477467;3713963391;3713843054;
367477469;26122784;26122785;
367477469;26122785;3713963402;
367477469;3713963402;26122786;
367477470;26122719;3713963389;
367477470;3713963389;3713963390;
367477470;3713963390;26122720;
367477475;26122788;3713843051;
367477475;3713843051;3713843049;
367477475;3713843049;26122789;
367477475;26122789;3713816548;
367477475;3713816548;26122716;
367477475;26122716;3713816547;
367477475;3713816547;3713816546;
367477476;26122720;3713963416;
367477476;3713963416;26122721;
367477476;26122721;3713963927;
367477476;3713963927;3713963936;
367477476;3713963936;3713963939;
367477476;3713963939;26122722;
367477476;26122722;3713963946;
367477476;3713963946;3713963949;
415097761;2460915605;4161712070;
415097761;4161712070;4161712071;
415097761;4161712071;4161712072;
415097761;4161712072;4161712073;
415097761;4161712073;4161712074;
415097761;4161712074;4161712075;
415097761;4161712075;4161712076;
415097761;4161712076;4161712077;
429123178;4282469057;4282469053;
429123178;4282469053;4282469051;
429123179;4282469056;506111742;
429123179;506111742;4282469050;
429123180;4282469042;4517268344;
429123180;4517268344;4282469044;
429123181;4282469037;4282469025;
429123181;4282469025;4282469014;
429123181;4282469014;4282469011;
429123181;4282469011;4282469012;
429123181;4282469012;4282469015;
434878394;1223751698;343634632;
434878394;343634632;299574280;
434878397;2168903806;2168903802;
434878397;2168903802;2168903808;
441677224;299579036;299599582;
441677257;297369728;5284518537;
441677257;5284518537;4751793215;
441677257;4751793215;4751793216;
441677257;4751793216;4751793213;
441677257;4751793213;4751793217;
441677257;4751793217;4751793214;
441677257;4751793214;4393941394;
441677259;4393941394;4751793208;
441677259;4751793208;4751793209;
441677259;4751793209;4751793210;
441677259;4751793210;4751793212;
441677259;4751793212;4751793211;
441677259;4751793211;4751793218;
441677259;4751793218;4393941395;
441677260;4393941410;432578866;
441677265;4393941477;4393941479;
441677265;4393941479;4393941478;
441677265;4393941478;1838438346;
441677265;1838438346;4393941477;
441677265;4393941477;1838438345;
441677266;4393941473;4393941472;
441677266;4393941472;4393941449;
441677266;4393941449;4393941470;
441677266;4393941470;4393941475;
441677266;4393941475;4393941476;
441685575;4394003187;4394003290;
441685575;4394003290;4394003289;
441685575;4394003289;4394003186;
441685582;4394003186;4394003188;
441685582;4394003188;4394003291;
441685582;4394003291;4394003289;
446887315;432589605;4441072621;
446887316;4441072622;5284518394;
446887316;5284518394;4441072623;
446887316;4441072623;4441072624;
446887316;4441072624;4441072625;
446887317;4441072626;5284518393;
446887317;5284518393;4441072627;
446887317;4441072627;4441072628;
446887317;4441072628;4441072629;
446887317;4441072629;4441072630;
446887317;4441072630;4441072634;
446887317;4441072634;4441072631;
446887318;4441072624;4441072632;
446887318;4441072632;4441072633;
446887318;4441072633;4441072634;
446887318;4441072634;4441072635;
446887318;4441072635;4441072636;
446887321;4441072669;4441072670;
446887321;4441072670;4441072671;
446887321;4441072671;4441072672;
448195841;4452315785;4452315784;
448195841;4452315784;4452315969;
448195841;4452315969;4452315783;
448195886;4393941478;4452315963;
448195886;4452315963;4478129152;
448195886;4478129152;4452315964;
448568784;4455723064;4455723086;
448568784;4455723086;4455723087;
448568784;4455723087;4455723292;
448568784;4455723292;4455723065;
448568785;4455723066;4455723067;
448568786;4455723082;4455723083;
448568786;4455723083;4455723084;
448568786;4455723084;4455723085;
448568786;4455723085;4455723067;
448568786;4455723067;4455723068;
448568786;4455723068;4455723069;
448568786;4455723069;4455723070;
448568786;4455723070;4455723071;
448568786;4455723071;4455723077;
448568786;4455723077;4455723078;
448568786;4455723078;4455723079;
448568786;4455723079;4455723080;
448568786;4455723080;4455723081;
448568786;4455723081;4455723072;
448568786;4455723072;4455723073;
448568786;4455723073;4455723074;
448568786;4455723074;4455723075;
448568786;4455723075;4455723076;
448568786;4455723076;4455723082;
448568787;4455723081;4455723086;
448568788;4455723087;4455723088;
448568788;4455723088;4455723289;
448568788;4455723289;4455723069;
448568789;4455723290;4455723291;
448568789;4455723291;4455723292;
448568790;411835386;4455723293;
448568790;4455723293;4455723294;
448568790;4455723294;4455723295;
448568791;4455723294;4455723301;
448568791;4455723301;4455723296;
448568792;4455723297;4455723296;
448568792;4455723296;4455723298;
448568792;4455723298;4455723299;
448568793;4455723298;4455723300;
448568794;4455723301;4455723302;
448568795;4455723303;4455723314;
448568795;4455723314;4455723304;
448568795;4455723304;4455723305;
448568795;4455723305;4455723306;
448568795;4455723306;4455723307;
448568795;4455723307;4455723308;
448568795;4455723308;4455723309;
448568795;4455723309;432578922;
448858676;3573222252;1389528072;
448858676;1389528072;1389528070;
448858676;1389528070;4494940782;
448858676;4494940782;1389528068;
448858676;1389528068;1389528067;
448858676;1389528067;4496009451;
448858676;4496009451;1402787135;
448858676;1402787135;1389528064;
448858676;1389528064;4494941192;
448858676;4494941192;445032821;
448858676;445032821;2205380098;
448858676;2205380098;4494941191;
448858676;4494941191;1389528048;
448858676;1389528048;4494940787;
448858676;4494940787;4494941190;
448858676;4494941190;1389528047;
448858676;1389528047;4463692789;
448858676;4463692789;1389528044;
448858676;1389528044;4463692790;
448858676;4463692790;1389528043;
448858676;1389528043;1389528042;
448858676;1389528042;4494941189;
448858676;4494941189;4495897261;
448858676;4495897261;4495897264;
448858676;4495897264;1389528040;
449415296;4463731540;4463731541;
449415303;112664325;4463731556;
449415304;4463731556;4463731557;
449447636;343634626;4464000763;
449447636;4464000763;343634628;
449447636;343634628;4464000767;
449447636;4464000767;5291836450;
449447636;5291836450;5291836451;
449447637;4464000766;4464000765;
449447637;4464000765;5291836453;
449447637;5291836453;343634626;
450404340;4473275401;4473275402;
450475039;1223751677;5284518414;
450475039;5284518414;4474021947;
450475039;4474021947;5284518415;
450475039;5284518415;1223751602;
450475039;1223751602;5284518416;
450475039;5284518416;4474021949;
450475039;4474021949;5284518417;
450475039;5284518417;4474021938;
450475039;4474021938;5284518418;
450475039;5284518418;784475024;
450475039;784475024;5284518405;
450475039;5284518405;5284518406;
450475039;5284518406;5284518419;
450475039;5284518419;4474021939;
450475039;4474021939;5284518420;
450475039;5284518420;4474021940;
450475039;4474021940;5284518521;
450475039;5284518521;1223751591;
450475039;1223751591;5284518522;
450475039;5284518522;5284518407;
450475039;5284518407;5284518523;
450475039;5284518523;4474021948;
450475039;4474021948;1223751585;
450475039;1223751585;1223751626;
450475041;1223751677;4474021941;
450475041;4474021941;5284518408;
450475041;5284518408;5284518409;
450475041;5284518409;4474021942;
450475041;4474021942;5284518410;
450475041;5284518410;4474021943;
450475041;4474021943;5284518411;
450475041;5284518411;4474021944;
450475041;4474021944;5284518412;
450475041;5284518412;4474021945;
450475041;4474021945;5284518413;
450475041;5284518413;4474021946;
450475041;4474021946;1223751626;
450475041;1223751626;1223751749;
450475041;1223751749;1223751769;
450475041;1223751769;1223751753;
450475041;1223751753;5284518398;
450475041;5284518398;4474021928;
450475041;4474021928;1223751805;
450475041;1223751805;5284518399;
450475041;5284518399;4474021933;
450475041;4474021933;5284518400;
450475041;5284518400;4474021934;
450475041;4474021934;5284518401;
450475041;5284518401;4474021935;
450475041;4474021935;4474021936;
450475041;4474021936;5284518402;
450475041;5284518402;4474021937;
450475041;4474021937;1223751677;
450904360;432578853;2066740961;
450904360;2066740961;432578854;
450904361;4478069039;4478069040;
450904361;4478069040;4478069041;
450904361;4478069041;4478069042;
450904361;4478069042;4478069043;
450904361;4478069043;4478069044;
450904361;4478069044;4478069045;
450904361;4478069045;4478069046;
450904362;4478069049;4478069050;
450904363;773982497;297369740;
450904366;4478069055;5284518528;
450904366;5284518528;1838434492;
450904366;1838434492;432578849;
450904366;432578849;432578851;
450904366;432578851;4573598518;
450904366;4573598518;5284518397;
450904366;5284518397;1223751674;
450904366;1223751674;5284518396;
450904366;5284518396;1223751693;
450904366;1223751693;5284518527;
450904366;5284518527;5284518395;
450904366;5284518395;1223751805;
450904367;4478069059;4478069060;
450906827;4478087287;4478087288;
450913084;4478129136;4478129137;
450913084;4478129137;4478129138;
450913084;4478129138;432578839;
450913086;445041885;4478129143;
450913087;4478129143;4478129144;
450913087;4478129144;4478129145;
450913087;4478129145;4478129146;
452435700;1108076408;299590514;
452435701;1108076408;299599638;
452435701;299599638;299579882;
452435701;299579882;5308687549;
452435701;5308687549;1108076407;
452435701;1108076407;299583353;
452752382;445028233;4494940758;
452752382;4494940758;4494940759;
452752382;4494940759;4494940760;
452752382;4494940760;4494940761;
452752382;4494940761;4494940762;
452752382;4494940762;4494940763;
453835128;1837681068;1837681069;
453839344;4505205706;299599024;
453839344;299599024;299598641;
453839344;299598641;773982499;
453839344;773982499;3570149243;
453839344;3570149243;299597866;
453839344;299597866;299597867;
453839344;299597867;299598639;
453839345;299599148;299592379;
453839345;299592379;5307690016;
453839346;773982494;4505205707;
453839346;4505205707;4478069031;
453839346;4478069031;299599148;
455315129;4282469045;4517268308;
455315129;4517268308;4517268309;
455315129;4517268309;4517268356;
455315129;4517268356;4282469044;
455315138;4517268343;4517268349;
455315138;4517268349;4517268344;
455315139;4517268343;4517268345;
455315140;4517268345;4517268346;
455315141;4282469037;4523960193;
455315141;4523960193;4517268346;
455315145;4282469037;4517268359;
455315145;4517268359;4517268360;
455315145;4517268360;4573598493;
455315145;4573598493;4517268361;
455315145;4517268361;4517268362;
455315145;4517268362;4517268363;
455315145;4517268363;4517268364;
455315145;4517268364;4517268365;
455315145;4517268365;432578831;
456118771;4523960189;4534707505;
456118771;4534707505;4523960190;
456118771;4523960190;4523960191;
461133007;4441072621;4566736210;
461133007;4566736210;4566736211;
461133007;4566736211;4566736212;
461133007;4566736212;4566736213;
461133007;4566736213;4566736214;
461133007;4566736214;4566736215;
461133007;4566736215;4566736216;
461133008;4441072631;4566736217;
461133008;4566736217;4566736218;
461133008;4566736218;4566736219;
461133008;4566736219;4566736220;
461133008;4566736220;4566736216;
461133009;4441072624;4566736221;
461133009;4566736221;4566736222;
461133009;4566736222;4566736223;
461133009;4566736223;4566736224;
461133009;4566736224;4566736225;
461135462;4566797441;4566797443;
461135462;4566797443;4566797444;
461135462;4566797444;4566797445;
461135462;4566797445;4566797446;
461135462;4566797446;4566797447;
461135462;4566797447;4566797448;
461135462;4566797448;4566797449;
461135462;4566797449;4566797450;
461135463;4566797441;4566797442;
461135464;4566797452;4566797453;
461135465;4566797452;4566797454;
461135465;4566797454;4566797455;
461135465;4566797455;4566797456;
461135465;4566797456;4566797457;
461135465;4566797457;4566797458;
461135465;4566797458;4566797459;
461135465;4566797459;4566797460;
461135465;4566797460;4566797461;
461925686;2185848579;430012027;
461925686;430012027;430012058;
461925686;430012058;430012057;
461925686;430012057;4282469042;
461925686;4282469042;432578830;
461925686;432578830;435240898;
461925686;435240898;4282469037;
461925686;4282469037;4282469015;
461925686;4282469015;432578831;
461925687;4282469049;2185848583;
461925687;2185848583;2185848586;
461925687;2185848586;2185848584;
461925687;2185848584;2185848565;
461925687;2185848565;2185848581;
461925687;2185848581;2185848561;
461925687;2185848561;2185848588;
461925687;2185848588;4517268358;
461925687;4517268358;2185848577;
461925687;2185848577;2185848563;
461925687;2185848563;2185848567;
461925687;2185848567;2185848568;
461925687;2185848568;2185848579;
461925688;4573598493;4573598494;
461925688;4573598494;4573598495;
461925688;4573598495;4573598496;
461925688;4573598496;4573598497;
461925688;4573598497;4573598498;
461925688;4573598498;4573598499;
461925688;4573598499;4573598500;
461925688;4573598500;4573598501;
461925688;4573598501;4573598502;
461925688;4573598502;4573598503;
461925688;4573598503;4573598504;
461925689;432578922;5310412100;
461925689;5310412100;432578925;
461925689;432578925;432578930;
461925689;432578930;411835384;
461925689;411835384;411835385;
461925689;411835385;411835386;
461925689;411835386;411835387;
461925689;411835387;4566797451;
461925689;4566797451;4566797453;
461925689;4566797453;411835388;
461925689;411835388;2460915663;
461925689;2460915663;411835389;
461925689;411835389;4566797442;
461925689;4566797442;411835390;
461925689;411835390;411835391;
461925689;411835391;432578817;
461925689;432578817;411835393;
461925689;411835393;411504977;
461925690;435240927;4573598509;
461925690;4573598509;4573598510;
461925690;4573598510;4573598511;
461925690;4573598511;4573598512;
461925690;4573598512;4573598513;
461925690;4573598513;4573598514;
461925690;4573598514;4573598515;
461925690;4573598515;4573598516;
461925690;4573598516;4573598517;
461925690;4573598517;4573598518;
461925691;299583353;1731169850;
477791560;299608221;1731170784;
477791560;1731170784;1837321449;
477791560;1837321449;269565777;
477791560;269565777;269565778;
478882415;26015891;4720663314;
478882416;26015889;26015891;
478882418;26015879;3092764711;
478882418;3092764711;26015881;
478882418;26015881;26015883;
478882418;26015883;26015885;
478882418;26015885;3713816543;
478882418;3713816543;3713666411;
478882418;3713666411;3092764695;
478882418;3092764695;26015887;
478882418;26015887;3713666410;
478882418;3713666410;3092764692;
478882418;3092764692;26015889;
478882419;4720663315;4720708096;
478882419;4720708096;4309177018;
478882419;4309177018;3713666407;
478886775;4720708097;26015878;
478886775;26015878;4720708100;
478886777;26015884;3092764713;
478886777;3092764713;4731623572;
478886777;4731623572;26015882;
478886777;26015882;26015880;
478886777;26015880;3092764706;
478886777;3092764706;4720708097;
478886778;3522105988;26015892;
480142667;3713666407;26015879;
482331425;4393941395;297369728;
482331426;297369728;297369729;
482332563;269565778;4393941474;
482332563;4393941474;445041887;
482332563;445041887;4751802409;
482332563;4751802409;1731171039;
536714311;299583501;5307690004;
536714311;5307690004;4478069063;
536714321;1352663634;1731169566;
536714321;1731169566;1106006333;
536714330;789709529;5308687547;
536714330;5308687547;299580145;
536714330;299580145;1731169850;
536714330;1731169850;1108076407;
536714332;789709529;447918300;
536714332;447918300;444030255;
536754238;297369744;297369743;
536754238;297369743;4455723064;
536754238;4455723064;297369742;
536754238;297369742;401623785;
536754238;401623785;432578825;
536754238;432578825;297369732;
536754238;297369732;773982487;
536754238;773982487;299598676;
536754238;299598676;299574096;
536754238;299574096;4478069050;
536754238;4478069050;432578798;
536754238;432578798;299573551;
536754238;299573551;4452315785;
536754238;4452315785;432578800;
536754238;432578800;4452315783;
536754238;4452315783;299573943;
536754238;299573943;299608221;
549454251;5307689992;1731170260;
549454253;5307689997;5307690001;
549454253;5307690001;122491913;
549454254;5307689999;299583501;
549454255;4478069063;1352663634;
549454256;1106006333;299592090;
549454256;299592090;4478069061;
549454258;1352663634;5307690009;
549454259;5307690013;5307690012;
549454259;5307690012;1106006315;
549454259;1106006315;5307690223;
549454259;5307690223;1352647025;
549454260;1352647025;5307690014;
549454260;5307690014;5307690019;
549454263;5307690019;5307690018;
549454263;5307690018;5307690017;
549454263;5307690017;5307690015;
549454263;5307690015;5307690020;
549454264;1352647001;4731670853;
549454264;4731670853;4394003185;
549454264;4394003185;5198563341;
549454264;5198563341;5307690019;
